0
32767
32767
32767
234
26883
32767
32767
467
4886
32767
32767
698
-4609
20348
25829
926
-10560
8684
20203
1148
-15204
-1143
15130
1363
-19514
-10941
9712
1563
-24255
-22495
2837
1738
-30626
-32768
-8010
1855
-32768
-32768
-32730
1749
-32768
-32768
-32768
-25121
32767
32767
32767
3536
21189
32767
32767
3384
2072
32767
32767
3457
-6034
17973
27054
3574
-11052
6338
20540
3692
-14925
-3403
14710
3791
-18483
-13055
8534
3846
-22363
-24365
765
3811
-27539
-32768
-11366
3555
-32768
-32768
-32768
2466
-32768
-32768
-32768
-32768
32767
32767
32767
8186
15791
32767
32767
6855
-359
32399
32767
6487
-7075
15420
27904
6327
-11175
3952
20518
6217
-14297
-5587
13953
6088
-17132
-14980
7053
5878
-20194
-25917
-1556
5483
-24248
-32768
-14872
4619
-31385
-32768
-32768
1986
-32768
-32768
-32768
-32768
32767
32767
32767
14192
10837
32767
32767
10827
-2341
29409
32767
9732
-7703
12746
28361
9131
-10920
1580
20138
8670
-13331
-7646
12880
8206
-15488
-16674
5305
7621
-17793
-27119
-4073
6728
-20821
-32768
-18447
5047
-26119
-32768
-32768
399
-32768
-32768
-32768
-32768
32767
32767
32767
21535
6470
32767
32767
15237
-3816
26160
32767
13128
-7895
10012
28415
11928
-10289
-723
19410
11003
-12044
-9533
11516
10104
-13585
-18098
3332
9041
-15208
-27945
-6725
7529
-17326
-32768
-22007
4848
-21021
-32768
-32768
-2191
-32096
-32768
-32768
-32768
32767
32767
32767
30177
2831
32767
32767
20009
-4734
22724
32767
16610
-7638
7277
28065
14662
-9290
-2907
18352
13167
-10461
-11206
9892
11743
-11461
-19222
1179
10113
-12494
-28377
-9452
7878
-13835
-32768
-25472
4049
-16185
-32768
-32768
-5665
-23196
-32768
-32768
-32768
32767
32767
32767
32767
51
32767
32767
25061
-5057
19176
32767
20110
-6929
4604
27318
17278
-7938
-4920
16986
15119
-8614
-12626
8045
13093
-9159
-20018
-1104
10821
-9705
-28406
-12192
7777
-10416
-32768
-28765
2684
-11695
-32768
-32768
-9894
-15584
-32768
-32768
-32768
32767
32767
32767
32767
-1750
32767
32767
30300
-4759
15598
32767
23556
-5773
2055
26191
19721
-6259
-6717
15345
16818
-6537
-13760
6018
14126
-6726
-20470
-3466
11152
-6898
-28031
-14883
7237
-7135
-32768
-31814
801
-7628
-32768
-32768
-14740
-9303
-32768
-32768
-32768
32767
32767
32767
32767
-2463
32767
32767
32767
-3825
12071
32767
26880
-4186
-311
24707
21941
-4284
-8256
13463
18231
-4273
-14583
3856
14824
-4212
-20566
-5853
11106
-4130
-27260
-17465
6278
-4056
-32768
-32768
-1544
-4050
-32768
-32768
-20059
-4376
-32768
-32768
-32768
30222
32767
32767
32767
-1997
32767
32767
32767
-2254
8678
32767
30014
-2193
-2438
22899
23893
-2048
-9499
11384
19329
-1868
-15073
1607
15174
-1668
-20302
-8212
10689
-1456
-26109
-19881
4928
-1238
-32768
-32768
-4285
-1016
-32768
-32768
-25705
-800
-32768
-32768
-32768
5135
32767
32767
32767
-277
28069
32767
32767
-56
5501
32767
32767
173
-4274
20806
25535
403
-10415
9154
20090
631
-15217
-677
15173
855
-19683
-10490
9913
1070
-24603
-22078
3224
1269
-31225
-32768
-7351
1430
-32768
-32768
-31532
1449
-32768
-32768
-32768
-20007
32767
32767
32767
2753
22331
32767
32767
2742
2617
32767
32767
2870
-5773
18474
26834
3023
-10981
6821
20500
3173
-15010
-2947
14823
3305
-18720
-12637
8800
3399
-22773
-24008
1210
3419
-28187
-32768
-10666
3259
-32768
-32768
-32768
2419
-32768
-32768
-32768
-32768
32767
32767
32767
7127
16861
32767
32767
6104
103
32767
32767
5850
-6896
15953
27762
5759
-11180
4439
20551
5706
-14453
-5150
14134
5632
-17432
-14605
7378
5486
-20657
-25628
-1065
5175
-24933
-32768
-14148
4454
-32471
-32768
-32768
2177
-32768
-32768
-32768
-32768
32767
32767
32767
12857
11805
32767
32767
9979
-1976
30042
32767
9055
-7610
13299
28300
8557
-11003
2060
20244
8178
-13555
-7238
13124
7790
-15846
-16349
5681
7290
-18299
-26904
-3546
6509
-21528
-32768
-17716
5011
-27183
-32768
-32768
808
-32768
-32768
-32768
-32768
32767
32767
32767
19930
7307
32767
32767
14305
-3558
26840
32767
12426
-7892
10572
28437
11360
-10448
-261
19586
10539
-12332
-9164
11817
9736
-13993
-17831
3751
8778
-15748
-27808
-6176
7402
-18041
-32768
-21286
4938
-22043
-32768
-32768
-1587
-32768
-32768
-32768
-32768
32767
32767
32767
28311
3509
32767
32767
19010
-4594
23436
32767
15896
-7727
7832
28169
14112
-9523
-2473
18594
12741
-10807
-10883
10243
11431
-11910
-19018
1631
9924
-13056
-28322
-8893
7844
-14544
-32768
-24777
4259
-17146
-32768
-32768
-4891
-24910
-32768
-32768
-32768
32767
32767
32767
32767
543
32767
32767
24011
-5041
19905
32767
19397
-7110
5141
27502
16756
-8242
-4526
17289
14740
-9011
-12358
8438
12842
-9641
-19883
-630
10707
-10277
-28433
-11635
7834
-11104
-32768
-28111
3006
-12579
-32768
-32768
-8976
-17030
-32768
-32768
-32768
32767
32767
32767
32767
-1467
32767
32767
29220
-4871
16327
32767
22861
-6045
2562
26451
19239
-6627
-6370
15701
16494
-6977
-13553
6444
13942
-7231
-20406
-2980
11115
-7469
-28140
-14341
7382
-7790
-32768
-31215
1225
-8420
-32768
-32768
-13708
-10475
-32768
-32768
-32768
32767
32767
32767
32767
-2411
32767
32767
32767
-4068
12783
32767
26215
-4544
154
25038
21508
-4709
-7965
13865
17968
-4748
-14442
4306
14709
-4729
-20575
-5366
11146
-4689
-27449
-16950
6506
-4665
-32768
-32768
-1031
-4737
-32768
-32768
-18942
-5271
-32768
-32768
-32768
32767
32767
32767
32767
-2192
32767
32767
32767
-2626
9356
32767
29393
-2631
-2026
23293
23518
-2524
-9271
11823
19132
-2368
-15001
2071
15131
-2187
-20385
-7736
10804
-1991
-26374
-19405
5233
-1789
-32768
-32768
-3697
-1589
-32768
-32768
-24534
-1421
-32768
-32768
-32768
10268
32767
32767
32767
-733
29259
32767
32767
-555
6128
32767
32329
-338
-3925
21255
25227
-112
-10256
9619
19963
116
-15216
-211
15202
344
-19837
-10035
10099
569
-24938
-21650
3599
785
-31812
-32768
-6703
980
-32768
-32768
-30335
1096
-32768
-32768
-32768
-14885
32767
32767
32767
2027
23485
32767
32767
2124
3178
32767
32767
2295
-5497
18967
26598
2477
-10895
7303
20446
2653
-15081
-2487
14922
2813
-18943
-12212
9053
2942
-23171
-23638
1644
3011
-28827
-32768
-9973
2937
-32768
-32768
-32768
2322
-32768
-32768
-32768
-32768
32767
32767
32767
6124
17949
32767
32767
5374
583
32767
32767
5221
-6699
16480
27604
5194
-11170
4927
20570
5192
-14595
-4708
14302
5169
-17720
-14220
7691
5082
-21110
-25324
-582
4851
-25611
-32768
-13428
4262
-32768
-32768
-32768
2321
-32768
-32768
-32768
-32768
32767
32767
32767
11577
12796
32767
32767
9149
-1590
30664
32767
8386
-7499
13849
28223
7984
-11070
2543
20336
7681
-13765
-6824
13355
7366
-16193
-16013
6048
6947
-18798
-26673
-3026
6273
-22231
-32768
-16985
4949
-28253
-32768
-32768
1174
-32768
-32768
-32768
-32768
32767
32767
32767
18378
8173
32767
32767
13389
-3278
27513
32767
11728
-7870
11131
28442
10790
-10592
205
19748
10069
-12607
-8786
12106
9358
-14391
-17551
4162
8502
-16282
-27655
-5630
7256
-18756
-32768
-20561
5003
-23075
-32768
-32768
-1020
-32768
-32768
-32768
-32768
32767
32767
32767
26497
4220
32767
32767
18022
-4429
24144
32767
15183
-7798
8389
28256
13557
-9741
-2033
18822
12307
-11141
-10551
10584
11107
-12352
-18801
2077
9719
-13614
-28249
-8334
7790
-15255
-32768
-24075
4445
-18122
-32768
-32768
-4149
-26677
-32768
-32768
-32768
32767
32767
32767
32767
1074
32767
32767
22971
-4999
20633
32767
18684
-7273
5683
27670
16228
-8531
-4122
17579
14350
-9398
-12079
8823
12579
-10117
-19734
-159
10577
-10848
-28443
-11076
7872
-11798
-32768
-27447
3306
-13480
-32768
-32768
-8086
-18532
-32768
-32768
-32768
32767
32767
32767
32767
-1140
32767
32767
28145
-4957
17057
32767
22160
-6298
3077
26696
18748
-6983
-6013
16046
16157
-7410
-13334
6864
13744
-7732
-20328
-2496
11063
-8042
-28232
-13795
7510
-8453
-32768
-30603
1629
-9232
-32768
-32768
-12697
-11704
-32768
-32768
-32768
32767
32767
32767
32767
-2310
32767
32767
32767
-4284
13499
32767
25543
-4885
629
25354
21065
-5124
-7662
14258
17691
-5217
-14286
4752
14580
-5244
-20570
-4879
11171
-5251
-27621
-16428
6718
-5285
-32768
-32768
-535
-5447
-32768
-32768
-17840
-6223
-32768
-32768
-32768
32767
32767
32767
32767
-2335
32767
32767
32767
-2972
10041
32767
28762
-3054
-1602
23674
23131
-2989
-9029
12254
18921
-2864
-14914
2532
15074
-2706
-20453
-7256
10903
-2533
-26623
-18919
5524
-2353
-32768
-32768
-3122
-2186
-32768
-32768
-23371
-2098
-32768
-32768
-32768
15396
32767
32767
32767
-1135
30453
32767
32767
-1028
6766
32767
31753
-835
-3563
21692
24904
-621
-10082
10079
19822
-397
-15201
256
15216
-169
-19978
-9574
10271
60
-25259
-21211
3960
287
-32387
-32768
-6065
505
-32768
-32768
-29141
689
-32768
-32768
-32768
-9756
32767
32767
32767
1356
24649
32767
32767
1529
3754
32767
32767
1732
-5205
19452
26347
1937
-10794
7782
20376
2134
-15137
-2025
15008
2317
-19153
-11780
9293
2475
-23557
-23255
2067
2587
-29457
-32768
-9288
2589
-32768
-32768
-32768
2174
-32768
-32768
-32768
-32768
32767
32767
32767
5178
19052
32767
32767
4667
1080
32767
32767
4603
-6485
17001
27430
4632
-11144
5414
20574
4676
-14722
-4262
14455
4700
-17996
-13826
7993
4666
-21553
-25006
-108
4508
-26283
-32768
-12712
4044
-32768
-32768
-32768
2417
-32768
-32768
-32768
-32768
32767
32767
32767
10355
13809
32767
32767
8339
-1184
31274
32767
7723
-7369
14395
28129
7411
-11121
3027
20412
7179
-13962
-6403
13574
6933
-16528
-15666
6405
6590
-19288
-26427
-2512
6017
-22931
-32768
-16255
4860
-29329
-32768
-32768
1497
-32768
-32768
-32768
-32768
32767
32767
32767
16882
9066
32767
32767
12489
-2976
28176
32767
11034
-7830
11690
28430
10219
-10720
676
19896
9592
-12869
-8400
12384
8970
-14779
-17260
4564
8211
-16809
-27485
-5088
7092
-19470
-32768
-19834
5043
-24117
-32768
-32768
-493
-32768
-32768
-32768
-32768
32767
32767
32767
24735
4966
32767
32767
17048
-4240
24846
32767
14472
-7849
8948
28327
12999
-9944
-1587
19038
11865
-11464
-10209
10915
10772
-12785
-18571
2516
9499
-14168
-28160
-7777
7718
-15968
-32768
-23366
4608
-19110
-32768
-32768
-3440
-28496
-32768
-32768
-32768
32767
32767
32767
32767
1645
32767
32767
21939
-4932
21357
32767
17969
-7417
6230
27822
15693
-8806
-3710
17857
13951
-9775
-11788
9200
12302
-10587
-19570
307
10432
-11418
-28436
-10517
7892
-12497
-32768
-26774
3584
-14398
-32768
-32768
-7223
-20089
-32768
-32768
-32768
32767
32767
32767
32767
-770
32767
32767
27075
-5017
17788
32767
21456
-6533
3598
26925
18248
-7325
-5645
16381
15810
-7833
-13101
7278
13532
-8228
-20235
-2013
10994
-8615
-28308
-13245
7619
-9124
-32768
-29980
2012
-10064
-32768
-32768
-11708
-12989
-32768
-32768
-32768
32767
32767
32767
32767
-2161
32767
32767
32362
-4473
14220
32767
24863
-5208
1113
25656
20611
-5527
-7347
14642
17402
-5679
-14118
5193
14437
-5758
-20550
-4391
11179
-5817
-27778
-15901
6913
-5914
-32768
-32768
-57
-6179
-32768
-32768
-16754
-7232
-32768
-32768
-32768
32767
32767
32767
32767
-2427
32767
32767
32767
-3291
10735
32767
28122
-3460
-1167
24043
22732
-3445
-8775
12678
18696
-3355
-14813
2991
15001
-3226
-20506
-6774
10988
-3079
-26858
-18425
5799
-2930
-32768
-32768
-2563
-2806
-32768
-32768
-22218
-2830
-32768
-32768
-32768
20518
32767
32767
32767
-1483
31650
32767
32767
-1475
7416
32767
31164
-1318
-3187
22119
24568
-1121
-9894
10535
19665
-907
-15170
723
15216
-684
-20103
-9108
10429
-456
-25566
-20762
4307
-226
-32768
-32768
-5440
4
-32768
-32768
-27951
227
-32768
-32768
-32768
-4622
32767
32767
32767
740
25822
32767
32767
959
4343
32767
32767
1182
-4898
19928
26081
1402
-10677
8259
20292
1615
-15179
-1562
15078
1816
-19349
-11341
9520
1999
-23930
-22860
2478
2147
-30077
-32768
-8612
2214
-32768
-32768
-32768
1974
-32768
-32768
-32768
-29713
32767
32767
32767
4289
20171
32767
32767
3981
1595
32767
32767
3995
-6255
17516
27239
4073
-11103
5901
20563
4159
-14835
-3812
14595
4224
-18258
-13424
8283
4239
-21985
-24675
356
4149
-26948
-32768
-12001
3798
-32768
-32768
-32768
2465
-32768
-32768
-32768
-32768
32767
32767
32767
9188
14843
32767
32767
7549
-759
31872
32767
7069
-7223
14936
28018
6840
-11156
3513
20474
6674
-14144
-5976
13779
6492
-16851
-15310
6751
6221
-19769
-26165
-2006
5744
-23627
-32768
-15526
4746
-30409
-32768
-32768
1775
-32768
-32768
-32768
-32768
32767
32767
32767
15441
9986
32767
32767
11606
-2651
28829
32767
10346
-7772
12247
28401
9646
-10832
1150
20030
9109
-13118
-8007
12651
8572
-15157
-16957
4958
7906
-17330
-27300
-4552
6909
-20182
-32768
-19104
5056
-25167
-32768
-32768
-5
-32768
-32768
-32768
-32768
32767
32767
32767
23027
5744
32767
32767
16088
-4027
25541
32767
13763
-7882
9507
28381
12436
-10132
-1135
19240
11414
-11775
-9857
11236
10425
-13210
-18328
2949
9264
-14718
-28054
-7222
7627
-16683
-32768
-22653
4745
-20111
-32768
-32768
-2767
-30368
-32768
-32768
-32768
32767
32767
32767
31901
2253
32767
32767
20919
-4839
22078
32767
17254
-7542
6779
27957
15153
-9067
-3291
18123
13543
-10141
-11486
9568
12014
-11050
-19393
768
10271
-11985
-28413
-9956
7893
-13200
-32768
-26092
3839
-15332
-32768
-32768
-6389
-21700
-32768
-32768
-32768
32767
32767
32767
32767
-356
32767
32767
26012
-5050
18519
32767
20749
-6750
4125
27139
17741
-7654
-5268
16705
15451
-8248
-12856
7685
13307
-8720
-20127
-1533
10910
-9189
-28367
-12692
7711
-9801
-32768
-29346
2375
-10914
-32768
-32768
-10742
-14329
-32768
-32768
-32768
32767
32767
32767
32767
-1965
32767
32767
31275
-4636
14944
32767
24178
-5513
1605
25944
20147
-5918
-7021
15016
17100
-6134
-13936
5630
14279
-6269
-20514
-3904
11172
-6385
-27918
-15368
7092
-6553
-32768
-32342
403
-6932
-32768
-32768
-15686
-8296
-32768
-32768
-32768
32767
32767
32767
32767
-2469
32767
32767
32767
-3584
11435
32767
27472
-3850
-721
24399
22321
-3891
-8507
13095
18457
-3841
-14698
3448
14914
-3745
-20544
-6290
11057
-3630
-27076
-17923
6058
-3518
-32768
-32768
-2019
-3450
-32768
-32768
-21076
-3618
-32768
-32768
-32768
25630
32767
32767
32767
-1777
32767
32767
32767
-1897
8076
32767
30564
-1785
-2798
22535
24219
-1613
-9692
10985
19495
-1414
-15126
1189
15200
-1201
-20214
-8638
10572
-979
-25859
-20303
4640
-752
-32768
-32768
-4826
-522
-32768
-32768
-26766
-289
-32768
-32768
-32768
513
32767
32767
32767
180
27002
32767
32767
414
4947
32767
32767
645
-4576
20394
25800
873
-10546
8732
20192
1097
-15206
-1097
15135
1312
-19531
-10896
9733
1514
-24291
-22454
2876
1692
-30686
-32768
-7944
1813
-32768
-32768
-32610
1722
-32768
-32768
-32768
-24610
32767
32767
32767
3455
21302
32767
32767
3319
2126
32767
32767
3398
-6009
18023
27033
3518
-11046
6386
20537
3640
-14934
-3358
14722
3743
-18507
-13013
8561
3802
-22405
-24329
810
3772
-27604
-32768
-11296
3527
-32768
-32768
-32768
2463
-32768
-32768
-32768
-32768
32767
32767
32767
8078
15897
32767
32767
6779
-314
32457
32767
6423
-7058
15474
27891
6270
-11176
4000
20522
6166
-14313
-5544
13972
6043
-17163
-14943
7086
5840
-20241
-25889
-1507
5453
-24317
-32768
-14800
4604
-31493
-32768
-32768
2007
-32768
-32768
-32768
-32768
32767
32767
32767
14056
10932
32767
32767
10741
-2305
29472
32767
9664
-7695
12802
28356
9073
-10929
1628
20149
8621
-13354
-7605
12905
8165
-15525
-16642
5343
7588
-17844
-27098
-4020
6707
-20891
-32768
-18374
5044
-26225
-32768
-32768
441
-32768
-32768
-32768
-32768
32767
32767
32767
21372
6553
32767
32767
15143
-3791
26228
32767
13058
-7896
10068
28418
11871
-10305
-677
19429
10957
-12073
-9496
11547
10068
-13626
-18072
3374
9015
-15262
-27932
-6670
7517
-17398
-32768
-21935
4858
-21123
-32768
-32768
-2129
-32291
-32768
-32768
-32768
32767
32767
32767
29988
2898
32767
32767
19909
-4721
22795
32767
16539
-7648
7332
28076
14607
-9314
-2864
18377
13125
-10497
-11174
9927
11713
-11506
-19202
1225
10095
-12550
-28372
-9396
7876
-13906
-32768
-25403
4071
-16280
-32768
-32768
-5586
-23365
-32768
-32768
-32768
32767
32767
32767
32767
98
32767
32767
24955
-5057
19249
32767
20038
-6948
4658
27337
17226
-7969
-4881
17017
15081
-8654
-12599
8085
13068
-9207
-20005
-1056
10810
-9762
-28409
-12137
7784
-10484
-32768
-28700
2717
-11782
-32768
-32768
-9801
-15726
-32768
-32768
-32768
32767
32767
32767
32767
-1724
32767
32767
30192
-4772
15671
32767
23487
-5801
2105
26218
19673
-6297
-6683
15381
16786
-6581
-13740
6061
14108
-6776
-20464
-3417
11149
-6955
-28042
-14829
7252
-7200
-32768
-31754
844
-7706
-32768
-32768
-14636
-9418
-32768
-32768
-32768
32767
32767
32767
32767
-2460
32767
32767
32767
-3851
12142
32767
26814
-4223
-265
24741
21898
-4327
-8227
13504
18205
-4321
-14569
3901
14813
-4264
-20567
-5804
11111
-4186
-27279
-17414
6301
-4117
-32768
-32768
-1491
-4117
-32768
-32768
-19947
-4463
-32768
-32768
-32768
30731
32767
32767
32767
-2019
32767
32767
32767
-2292
8745
32767
29953
-2238
-2397
22939
23856
-2096
-9476
11428
19310
-1918
-15066
1654
15171
-1719
-20311
-8165
10701
-1509
-26136
-19834
4959
-1292
-32768
-32768
-4225
-1072
-32768
-32768
-25588
-860
-32768
-32768
-32768
5648
32767
32767
32767
-325
28188
32767
32767
-107
5563
32767
32767
121
-4240
20852
25505
351
-10400
9201
20078
580
-15218
-631
15177
804
-19699
-10445
9932
1020
-24637
-22036
3262
1221
-31284
-32768
-7286
1387
-32768
-32768
-31412
1416
-32768
-32768
-32768
-19495
32767
32767
32767
2678
22446
32767
32767
2679
2673
32767
32767
2812
-5746
18523
26811
2968
-10973
6870
20495
3121
-15018
-2901
14834
3256
-18743
-12595
8826
3354
-22814
-23971
1254
3379
-28252
-32768
-10597
3228
-32768
-32768
-32768
2412
-32768
-32768
-32768
-32768
32767
32767
32767
7024
16969
32767
32767
6030
150
32767
32767
5786
-6877
16006
27747
5703
-11180
4488
20554
5654
-14468
-5106
14152
5586
-17462
-14566
7410
5446
-20703
-25598
-1016
5144
-25001
-32768
-14076
4436
-32580
-32768
-32768
2194
-32768
-32768
-32768
-32768
32767
32767
32767
12726
11903
32767
32767
9895
-1938
30105
32767
8988
-7600
13354
28293
8500
-11010
2109
20254
8128
-13576
-7197
13148
7748
-15881
-16316
5719
7256
-18350
-26881
-3494
6487
-21598
-32768
-17643
5006
-27290
-32768
-32768
846
-32768
-32768
-32768
-32768
32767
32767
32767
19772
7392
32767
32767
14212
-3531
26908
32767
12356
-7891
10628
28438
11303
-10463
-215
19603
10492
-12360
-9126
11846
9699
-14033
-17804
3792
8751
-15802
-27794
-6121
7388
-18113
-32768
-21213
4946
-22146
-32768
-32768
-1528
-32768
-32768
-32768
-32768
32767
32767
32767
28127
3578
32767
32767
18910
-4578
23507
32767
15825
-7735
7887
28178
14057
-9545
-2430
18617
12698
-10841
-10851
10277
11399
-11955
-18997
1676
9904
-13112
-28315
-8837
7839
-14615
-32768
-24707
4279
-17243
-32768
-32768
-4815
-25084
-32768
-32768
-32768
32767
32767
32767
32767
594
32767
32767
23907
-5038
19978
32767
19326
-7127
5195
27520
16704
-8271
-4486
17318
14701
-9050
-12331
8477
12816
-9689
-19869
-583
10694
-10334
-28435
-11579
7839
-11174
-32768
-28045
3037
-12668
-32768
-32768
-8886
-17178
-32768
-32768
-32768
32767
32767
32767
32767
-1437
32767
32767
29112
-4881
16400
32767
22791
-6071
2613
26476
19190
-6663
-6335
15736
16461
-7021
-13532
6487
13922
-7281
-20399
-2931
11111
-7527
-28150
-14287
7396
-7856
-32768
-31154
1266
-8500
-32768
-32768
-13606
-10596
-32768
-32768
-32768
32767
32767
32767
32767
-2403
32767
32767
32767
-4091
12854
32767
26148
-4579
201
25070
21464
-4751
-7935
13905
17941
-4795
-14427
4350
14697
-4781
-20575
-5318
11149
-4745
-27467
-16898
6528
-4727
-32768
-32768
-980
-4807
-32768
-32768
-18831
-5364
-32768
-32768
-32768
32767
32767
32767
32767
-2209
32767
32767
32767
-2662
9424
32767
29331
-2674
-1984
23332
23480
-2571
-9247
11866
19111
-2417
-14993
2117
15126
-2239
-20392
-7688
10814
-2045
-26400
-19356
5263
-1845
-32768
-32768
-3639
-1647
-32768
-32768
-24417
-1486
-32768
-32768
-32768
10781
32767
32767
32767
-775
29378
32767
32767
-603
6191
32767
32272
-389
-3890
21299
25195
-164
-10239
9665
19950
65
-15215
-164
15204
293
-19852
-9989
10117
519
-24971
-21607
3635
736
-31870
-32768
-6639
934
-32768
-32768
-30215
1058
-32768
-32768
-32768
-14372
32767
32767
32767
1957
23601
32767
32767
2063
3235
32767
32767
2238
-5468
19016
26574
2423
-10886
7351
20439
2601
-15087
-2441
14932
2764
-18965
-12169
9078
2896
-23211
-23600
1687
2970
-28890
-32768
-9905
2904
-32768
-32768
-32768
2310
-32768
-32768
-32768
-32768
32767
32767
32767
6027
18058
32767
32767
5302
632
32767
32767
5159
-6678
16532
27587
5138
-11168
4976
20571
5141
-14608
-4664
14318
5123
-17748
-14181
7722
5041
-21155
-25293
-534
4817
-25679
-32768
-13356
4242
-32768
-32768
-32768
2333
-32768
-32768
-32768
-32768
32767
32767
32767
11453
12896
32767
32767
9067
-1551
30726
32767
8319
-7486
13903
28214
7926
-11075
2591
20344
7631
-13785
-6782
13378
7323
-16227
-15979
6084
6912
-18847
-26649
-2974
6248
-22302
-32768
-16912
4941
-28361
-32768
-32768
1208
-32768
-32768
-32768
-32768
32767
32767
32767
18226
8261
32767
32767
13298
-3249
27579
32767
11658
-7867
11187
28441
10733
-10605
252
19764
10021
-12633
-8748
12135
9320
-14430
-17523
4202
8473
-16335
-27639
-5576
7241
-18828
-32768
-20488
5008
-23179
-32768
-32768
-966
-32768
-32768
-32768
-32768
32767
32767
32767
26318
4293
32767
32767
17924
-4411
24214
32767
15112
-7804
8445
28264
13502
-9762
-1989
18845
12263
-11174
-10517
10617
11074
-12396
-18779
2121
9698
-13669
-28241
-8278
7784
-15326
-32768
-24004
4463
-18220
-32768
-32768
-4076
-26856
-32768
-32768
-32768
32767
32767
32767
32767
1130
32767
32767
22867
-4993
20705
32767
18612
-7288
5738
27686
16175
-8559
-4081
17607
14311
-9436
-12050
8861
12552
-10164
-19718
-113
10563
-10906
-28443
-11020
7875
-11868
-32768
-27380
3335
-13571
-32768
-32768
-7998
-18685
-32768
-32768
-32768
32767
32767
32767
32767
-1105
32767
32767
28038
-4964
17130
32767
22090
-6322
3128
26719
18698
-7017
-5977
16080
16123
-7452
-13311
6906
13723
-7781
-20319
-2447
11056
-8099
-28241
-13740
7521
-8520
-32768
-30542
1668
-9314
-32768
-32768
-12597
-11830
-32768
-32768
-32768
32767
32767
32767
32767
-2297
32767
32767
32767
-4304
13571
32767
25475
-4918
677
25385
21020
-5165
-7631
14296
17663
-5264
-14270
4796
14566
-5296
-20569
-4830
11172
-5308
-27638
-16376
6739
-5347
-32768
-32768
-486
-5519
-32768
-32768
-17731
-6322
-32768
-32768
-32768
32767
32767
32767
32767
-2347
32767
32767
32767
-3005
10110
32767
28699
-3095
-1559
23712
23092
-3035
-9004
12297
18899
-2913
-14905
2578
15067
-2758
-20459
-7208
10912
-2587
-26648
-18870
5552
-2410
-32768
-32768
-3066
-2247
-32768
-32768
-23255
-2168
-32768
-32768
-32768
15909
32767
32767
32767
-1172
30573
32767
32767
-1073
6831
32767
31695
-884
-3526
21736
24871
-671
-10064
10125
19807
-448
-15198
303
15217
-220
-19991
-9527
10288
9
-25290
-21167
3995
236
-32444
-32768
-6002
456
-32768
-32768
-29022
645
-32768
-32768
-32768
-9243
32767
32767
32767
1292
24766
32767
32767
1471
3812
32767
32767
1677
-5175
19500
26321
1883
-10783
7830
20368
2082
-15142
-1979
15015
2267
-19173
-11736
9316
2428
-23595
-23216
2108
2544
-29519
-32768
-9220
2553
-32768
-32768
-32768
2156
-32768
-32768
-32768
-32768
32767
32767
32767
5087
19163
32767
32767
4597
1131
32767
32767
4542
-6463
17053
27411
4576
-11141
5463
20574
4625
-14734
-4217
14470
4653
-18022
-13786
8023
4624
-21597
-24974
-61
4473
-26350
-32768
-12641
4020
-32768
-32768
-32768
2424
-32768
-32768
-32768
-32768
32767
32767
32767
10235
13912
32767
32767
8259
-1143
31335
32767
7658
-7356
14449
28118
7354
-11125
3076
20419
7129
-13980
-6360
13595
6889
-16561
-15631
6440
6554
-19337
-26401
-2461
5991
-23001
-32768
-16182
4850
-29437
-32768
-32768
1526
-32768
-32768
-32768
-32768
32767
32767
32767
16735
9157
32767
32767
12400
-2944
28242
32767
10965
-7825
11746
28428
10162
-10732
723
19910
9544
-12894
-8361
12412
8931
-14817
-17230
4604
8181
-16862
-27468
-5035
7075
-19541
-32768
-19761
5045
-24221
-32768
-32768
-442
-32768
-32768
-32768
-32768
32767
32767
32767
24562
5042
32767
32767
16952
-4220
24915
32767
14401
-7853
9004
28333
12943
-9964
-1542
19059
11820
-11496
-10174
10948
10738
-12828
-18547
2560
9476
-14223
-28150
-7722
7710
-16040
-32768
-23295
4623
-19209
-32768
-32768
-3371
-28681
-32768
-32768
-32768
32767
32767
32767
32767
1704
32767
32767
21837
-4923
21429
32767
17897
-7430
6284
27836
15640
-8833
-3669
17884
13911
-9812
-11758
9237
12274
-10633
-19553
353
10416
-11475
-28435
-10461
7893
-12567
-32768
-26706
3611
-14491
-32768
-32768
-7138
-20247
-32768
-32768
-32768
32767
32767
32767
32767
-730
32767
32767
26968
-5021
17861
32767
21386
-6556
3650
26947
18198
-7358
-5608
16414
15774
-7875
-13077
7319
13510
-8278
-20225
-1965
10986
-8673
-28315
-13190
7629
-9191
-32768
-29917
2050
-10148
-32768
-32768
-11610
-13120
-32768
-32768
-32768
32767
32767
32767
32767
-2144
32767
32767
32253
-4490
14292
32767
24795
-5239
1161
25686
20565
-5566
-7315
14679
17372
-5725
-14100
5237
14422
-5809
-20547
-4343
11179
-5874
-27793
-15848
6932
-5978
-32768
-32768
-10
-6253
-32768
-32768
-16647
-7335
-32768
-32768
-32768
32767
32767
32767
32767
-2434
32767
32767
32767
-3322
10805
32767
28057
-3500
-1123
24079
22691
-3490
-8748
12720
18672
-3403
-14802
3037
14993
-3278
-20510
-6726
10996
-3134
-26880
-18375
5825
-2988
-32768
-32768
-2508
-2870
-32768
-32768
-22103
-2906
-32768
-32768
-32768
21030
32767
32767
32767
-1514
31770
32767
32767
-1518
7481
32767
31105
-1365
-3149
22161
24534
-1170
-9875
10580
19649
-958
-15167
770
15215
-736
-20115
-9061
10444
-508
-25596
-20717
4341
-278
-32768
-32768
-5378
-47
-32768
-32768
-27832
178
-32768
-32768
-32768
-4109
32767
32767
32767
682
25939
32767
32767
903
4403
32767
32767
1128
-4866
19975
26054
1349
-10665
8306
20282
1563
-15182
-1515
15085
1766
-19368
-11297
9542
1951
-23967
-22820
2518
2103
-30138
-32768
-8544
2175
-32768
-32768