0
32767
32767
32767
234
26883
32767
32767
467
4886
32767
32767
698
-4609
20348
25829
926
-10560
8684
20203
1148
-15204
-1143
15130
1363
-19514
-10941
9712
1563
-24255
-22495
2837
1738
-30626
-32768
-8010
1855
-32768
-32768
-32730
1749
-32768
-32768
-32768
-25121
32767
32767
32767
3536
21189
32767
32767
3384
2072
32767
32767
3457
-6034
17973
27054
3574
-11052
6338
20540
3692
-14925
-3403
14710
3791
-18483
-13055
8534
3846
-22363
-24365
765
3811
-27539
-32768
-11366
3555
-32768
-32768
-32768
2466
-32768
-32768
-32768
-32768
32767
32767
32767
8186
15791
32767
32767
6855
-359
32399
32767
6487
-7075
15420
27904
6327
-11175
3952
20518
6217
-14297
-5587
13953
6088
-17132
-14980
7053
5878
-20194
-25917
-1556
5483
-24248
-32768
-14872
4619
-31385
-32768
-32768
1986
-32768
-32768
-32768
-32768
32767
32767
32767
14192
10837
32767
32767
10827
-2341
29409
32767
9732
-7703
12746
28361
9131
-10920
1580
20138
8670
-13331
-7646
12880
8206
-15488
-16674
5305
7621
-17793
-27119
-4073
6728
-20821
-32768
-18447
5047
-26119
-32768
-32768
399
-32768
-32768
-32768
-32768
32767
32767
32767
21535
6470
32767
32767
15237
-3816
26160
32767
13128
-7895
10012
28415
11928
-10289
-723
19410
11003
-12044
-9533
11516
10104
-13585
-18098
3332
9041
-15208
-27945
-6725
7529
-17326
-32768
-22007
4848
-21021
-32768
-32768
-2191
-32096
-32768
-32768
-32768
32767
32767
32767
30177
2831
32767
32767
20009
-4734
22724
32767
16610
-7638
7277
28065
14662
-9290
-2907
18352
13167
-10461
-11206
9892
11743
-11461
-19222
1179
10113
-12494
-28377
-9452
7878
-13835
-32768
-25472
4049
-16185
-32768
-32768
-5665
-23196
-32768
-32768
-32768
32767
32767
32767
32767
51
32767
32767
25061
-5057
19176
32767
20110
-6929
4604
27318
17278
-7938
-4920
16986
15119
-8614
-12626
8045
13093
-9159
-20018
-1104
10821
-9705
-28406
-12192
7777
-10416
-32768
-28765
2684
-11695
-32768
-32768
-9894
-15584
-32768
-32768
-32768
32767
32767
32767
32767
-1750
32767
32767
30300
-4759
15598
32767
23556
-5773
2055
26191
19721
-6259
-6717
15345
16818
-6537
-13760
6018
14126
-6726
-20470
-3466
11152
-6898
-28031
-14883
7237
-7135
-32768
-31814
801
-7628
-32768
-32768
-14740
-9303
-32768
-32768
-32768
32767
32767
32767
32767
-2463
32767
32767
32767
-3825
12071
32767
26880
-4186
-311
24707
21941
-4284
-8256
13463
18231
-4273
-14583
3856
14824
-4212
-20566
-5853
11106
-4130
-27260
-17465
6278
-4056
-32768
-32768
-1544
-4050
-32768
-32768
-20059
-4376
-32768
-32768
-32768
30222
32767
32767
32767
-1997
32767
32767
32767
-2254
8678
32767
30014
-2193
-2438
22899
23893
-2048
-9499
11384
19329
-1868
-15073
1607
15174
-1668
-20302
-8212
10689
-1456
-26109
-19881
4928
-1238
-32768
-32768
-4285
-1016
-32768
-32768
-25705
-800
-32768
-32768
-32768
5135
32767
32767
32767
-277
28069
32767
32767
-56
5501
32767
32767
173
-4274
20806
25535
403
-10415
9154
20090
631
-15217
-677
15173
855
-19683
-10490
9913
1070
-24603
-22078
3224
1269
-31225
-32768
-7351
1430
-32768
-32768
-31532
1449
-32768
-32768
-32768
-20007
32767
32767
32767
2753
22331
32767
32767
2742
2617
32767
32767
2870
-5773
18474
26834
3023
-10981
6821
20500
3173
-15010
-2947
14823
3305
-18720
-12637
8800
3399
-22773
-24008
1210
3419
-28187
-32768
-10666
3259
-32768
-32768
-32768
2419
-32768
-32768
-32768
-32768
32767
32767
32767
7127
16861
32767
32767
6104
103
32767
32767
5850
-6896
15953
27762
5759
-11180
4439
20551
5706
-14453
-5150
14134
5632
-17432
-14605
7378
5486
-20657
-25628
-1065
5175
-24933
-32768
-14148
4454
-32471
-32768
-32768
2177
-32768
-32768
-32768
-32768
32767
32767
32767
12857
11805
32767
32767
9979
-1976
30042
32767
9055
-7610
13299
28300
8557
-11003
2060
20244
8178
-13555
-7238
13124
7790
-15846
-16349
5681
7290
-18299
-26904
-3546
6509
-21528
-32768
-17716
5011
-27183
-32768
-32768
808
-32768
-32768
-32768
-32768
32767
32767
32767
19930
7307
32767
32767
14305
-3558
26840
32767
12426
-7892
10572
28437
11360
-10448
-261
19586
10539
-12332
-9164
11817
9736
-13993
-17831
3751
8778
-15748
-27808
-6176
7402
-18041
-32768
-21286
4938
-22043
-32768
-32768
-1587
-32768
-32768
-32768
-32768
32767
32767
32767
28311
3509
32767
32767
19010
-4594
23436
32767
15896
-7727
7832
28169
14112
-9523
-2473
18594
12741
-10807
-10883
10243
11431
-11910
-19018
1631
9924
-13056
-28322
-8893
7844
-14544
-32768
-24777
4259
-17146
-32768
-32768
-4891
-24910
-32768
-32768
-32768
32767
32767
32767
32767
543
32767
32767
24011
-5041
19905
32767
19397
-7110
5141
27502
16756
-8242
-4526
17289
14740
-9011
-12358
8438
12842
-9641
-19883
-630
10707
-10277
-28433
-11635
7834
-11104
-32768
-28111
3006
-12579
-32768
-32768
-8976
-17030
-32768
-32768
-32768
32767
32767
32767
32767
-1467
32767
32767
29220
-4871
16327
32767
22861
-6045
2562
26451
19239
-6627
-6370
15701
16494
-6977
-13553
6444
13942
-7231
-20406
-2980
11115
-7469
-28140
-14341
7382
-7790
-32768
-31215
1225
-8420
-32768
-32768
-13708
-10475
-32768
-32768
-32768
32767
32767
32767
32767
-2411
32767
32767
32767
-4068
12783
32767
26215
-4544
154
25038
21508
-4709
-7965
13865
17968
-4748
-14442
4306
14709
-4729
-20575
-5366
11146
-4689
-27449
-16950
6506
-4665
-32768
-32768
-1031
-4737
-32768
-32768
-18942
-5271
-32768
-32768
-32768
32767
32767
32767
32767
-2192
32767
32767
32767
-2626
9356
32767
29393
-2631
-2026
23293
23518
-2524
-9271
11823
19132
-2368
-15001
2071
15131
-2187
-20385
-7736
10804
-1991
-26374
-19405
5233
-1789
-32768
-32768
-3697
-1589
-32768
-32768
-24534
-1421
-32768
-32768
-32768
10268
32767
32767
32767
-733
29259
32767
32767
-555
6128
32767
32329
-338
-3925
21255
25227
-112
-10256
9619
19963
116
-15216
-211
15202
344
-19837
-10035
10099
569
-24938
-21650
3599
785
-31812
-32768
-6703
980
-32768
-32768
-30335
1096
-32768
-32768
-32768
-14885
32767
32767
32767
2027
23485
32767
32767
2124
3178
32767
32767
2295
-5497
18967
26598
2477
-10895
7303
20446
2653
-15081
-2487
14922
2813
-18943
-12212
9053
2942
-23171
-23638
1644
3011
-28827
-32768
-9973
2937
-32768
-32768
-32768
2322
-32768
-32768
-32768
-32768
32767
32767
32767
6124
17949
32767
32767
5374
583
32767
32767
5221
-6699
16480
27604
5194
-11170
4927
20570
5192
-14595
-4708
14302
5169
-17720
-14220
7691
5082
-21110
-25324
-582
4851
-25611
-32768
-13428
4262
-32768
-32768
-32768
2321
-32768
-32768
-32768
-32768
32767
32767
32767
11577
12796
32767
32767
9149
-1590
30664
32767
8386
-7499
13849
28223
7984
-11070
2543
20336
7681
-13765
-6824
13355
7366
-16193
-16013
6048
6947
-18798
-26673
-3026
6273
-22231
-32768
-16985
4949
-28253
-32768
-32768
1174
-32768
-32768
-32768
-32768
32767
32767
32767
18378
8173
32767
32767
13389
-3278
27513
32767
11728
-7870
11131
28442
10790
-10592
205
19748
10069
-12607
-8786
12106
9358
-14391
-17551
4162
8502
-16282
-27655
-5630
7256
-18756
-32768
-20561
5003
-23075
-32768
-32768
-1020
-32768
-32768
-32768
-32768
32767
32767
32767
26497
4220
32767
32767
18022
-4429
24144
32767
15183
-7798
8389
28256
13557
-9741
-2033
18822
12307
-11141
-10551
10584
11107
-12352
-18801
2077
9719
-13614
-28249
-8334
7790
-15255
-32768
-24075
4445
-18122
-32768
-32768
-4149
-26677
-32768
-32768
-32768
32767
32767
32767
32767
1074
32767
32767
22971
-4999
20633
32767
18684
-7273
5683
27670
16228
-8531
-4122
17579
14350
-9398
-12079
8823
12579
-10117
-19734
-159
10577
-10848
-28443
-11076
7872
-11798
-32768
-27447
3306
-13480
-32768
-32768
-8086
-18532
-32768
-32768
-32768
32767
32767
32767
32767
-1140
32767
32767
28145
-4957
17057
32767
22160
-6298
3077
26696
18748
-6983
-6013
16046
16157
-7410
-13334
6864
13744
-7732
-20328
-2496
11063
-8042
-28232
-13795
7510
-8453
-32768
-30603
1629
-9232
-32768
-32768
-12697
-11704
-32768
-32768
-32768
32767
32767
32767
32767
-2310
32767
32767
32767
-4284
13499
32767
25543
-4885
629
25354
21065
-5124
-7662
14258
17691
-5217
-14286
4752
14580
-5244
-20570
-4879
11171
-5251
-27621
-16428
6718
-5285
-32768
-32768
-535
-5447
-32768
-32768
-17840
-6223
-32768
-32768
-32768
32767
32767
32767
32767
-2335
32767
32767
32767
-2972
10041
32767
28762
-3054
-1602
23674
23131
-2989
-9029
12254
18921
-2864
-14914
2532
15074
-2706
-20453
-7256
10903
-2533
-26623
-18919
5524
-2353
-32768
-32768
-3122
-2186
-32768
-32768
-23371
-2098
-32768
-32768
-32768
15396
32767
32767
32767
-1135
30453
32767
32767
-1028
6766
32767
31753
-835
-3563
21692
24904
-621
-10082
10079
19822
-397
-15201
256
15216
-169
-19978
-9574
10271
60
-25259
-21211
3960
287
-32387
-32768
-6065
505
-32768
-32768
-29141
689
-32768
-32768
-32768
-9756
32767
32767
32767
1356
24649
32767
32767
1529
3754
32767
32767
1732
-5205
19452
26347
1937
-10794
7782
20376
2134
-15137
-2025
15008
2317
-19153
-11780
9293
2475
-23557
-23255
2067
2587
-29457
-32768
-9288
2589
-32768
-32768
-32768
2174
-32768
-32768
-32768
-32768
32767
32767
32767
5178
19052
32767
32767
4667
1080
32767
32767
4603
-6485
17001
27430
4632
-11144
5414
20574
4676
-14722
-4262
14455
4700
-17996
-13826
7993
4666
-21553
-25006
-108
4508
-26283
-32768
-12712
4044
-32768
-32768
-32768
2417
-32768
-32768
-32768
-32768
32767
32767
32767
10355
13809
32767
32767
8339
-1184
31274
32767
7723
-7369
14395
28129
7411
-11121
3027
20412
7179
-13962
-6403
13574
6933
-16528
-15666
6405
6590
-19288
-26427
-2512
6017
-22931
-32768
-16255
4860
-29329
-32768
-32768
1497
-32768
-32768
-32768
-32768
32767
32767
32767
16882
9066
32767
32767
12489
-2976
28176
32767
11034
-7830
11690
28430
10219
-10720
676
19896
9592
-12869
-8400
12384
8970
-14779
-17260
4564
8211
-16809
-27485
-5088
7092
-19470
-32768
-19834
5043
-24117
-32768
-32768
-493
-32768
-32768
-32768
-32768
32767
32767
32767
24735
4966
32767
32767
17048
-4240
24846
32767
14472
-7849
8948
28327
12999
-9944
-1587
19038
11865
-11464
-10209
10915
10772
-12785
-18571
2516
9499
-14168
-28160
-7777
7718
-15968
-32768
-23366
4608
-19110
-32768
-32768
-3440
-28496
-32768
-32768
-32768
32767
32767
32767
32767
1645
32767
32767
21939
-4932
21357
32767
17969
-7417
6230
27822
15693
-8806
-3710
17857
13951
-9775
-11788
9200
12302
-10587
-19570
307
10432
-11418
-28436
-10517
7892
-12497
-32768
-26774
3584
-14398
-32768
-32768
-7223
-20089
-32768
-32768
-32768
32767
32767
32767
32767
-770
32767
32767
27075
-5017
17788
32767
21456
-6533
3598
26925
18248
-7325
-5645
16381
15810
-7833
-13101
7278
13532
-8228
-20235
-2013
10994
-8615
-28308
-13245
7619
-9124
-32768
-29980
2012
-10064
-32768
-32768
-11708
-12989
-32768
-32768
-32768
32767
32767
32767
32767
-2161
32767
32767
32362
-4473
14220
32767
24863
-5208
1113
25656
20611
-5527
-7347
14642
17402
-5679
-14118
5193
14437
-5758
-20550
-4391
11179
-5817
-27778
-15901
6913
-5914
-32768
-32768
-57
-6179
-32768
-32768
-16754
-7232
-32768
-32768
-32768
32767
32767
32767
32767
-2427
32767
32767
32767
-3291
10735
32767
28122
-3460
-1167
24043
22732
-3445
-8775
12678
18696
-3355
-14813
2991
15001
-3226
-20506
-6774
10988
-3079
-26858
-18425
5799
-2930
-32768
-32768
-2563
-2806
-32768
-32768
-22218
-2830
-32768
-32768
-32768
20518
32767
32767
32767
-1483
31650
32767
32767
-1475
7416
32767
31164
-1318
-3187
22119
24568
-1121
-9894
10535
19665
-907
-15170
723
15216
-684
-20103
-9108
10429
-456
-25566
-20762
4307
-226
-32768
-32768
-5440
4
-32768
-32768
-27951
227
-32768
-32768
-32768
-4622
32767
32767
32767
740
25822
32767
32767
959
4343
32767
32767
1182
-4898
19928
26081
1402
-10677
8259
20292
1615
-15179
-1562
15078
1816
-19349
-11341
9520
1999
-23930
-22860
2478
2147
-30077
-32768
-8612
2214
-32768
-32768
-32768
1974
-32768
-32768
-32768
-29713
32767
32767
32767
4289
20171
32767
32767
3981
1595
32767
32767
3995
-6255
17516
27239
4073
-11103
5901
20563
4159
-14835
-3812
14595
4224
-18258
-13424
8283
4239
-21985
-24675
356
4149
-26948
-32768
-12001
3798
-32768
-32768
-32768
2465
-32768
-32768
-32768
-32768
32767
32767
32767
9188
14843
32767
32767
7549
-759
31872
32767
7069
-7223
14936
28018
6840
-11156
3513
20474
6674
-14144
-5976
13779
6492
-16851
-15310
6751
6221
-19769
-26165
-2006
5744
-23627
-32768
-15526
4746
-30409
-32768
-32768
1775
-32768
-32768
-32768
-32768
32767
32767
32767
15441
9986
32767
32767
11606
-2651
28829
32767
10346
-7772
12247
28401
9646
-10832
1150
20030
9109
-13118
-8007
12651
8572
-15157
-16957
4958
7906
-17330
-27300
-4552
6909
-20182
-32768
-19104
5056
-25167
-32768
-32768
-5
-32768
-32768
-32768
-32768
32767
32767
32767
23027
5744
32767
32767
16088
-4027
25541
32767
13763
-7882
9507
28381
12436
-10132
-1135
19240
11414
-11775
-9857
11236
10425
-13210
-18328
2949
9264
-14718
-28054
-7222
7627
-16683
-32768
-22653
4745
-20111
-32768
-32768
-2767
-30368
-32768
-32768
-32768
32767
32767
32767
31901
2253
32767
32767
20919
-4839
22078
32767
17254
-7542
6779
27957
15153
-9067
-3291
18123