0
32767
32767
32767
234
26883
32767
32767
467
4886
32767
32767
698
-4609
20348
25829
926
-10560
8684
20203
1148
-15204
-1143
15130
1363
-19514
-10941
9712
1563
-24255
-22495
2837
1738
-30626
-32768
-8010
1855
-32768
-32768
-32730
1749
-32768
-32768
-32768
-25121
32767
32767
32767
3536
21189
32767
32767
3384
2072
32767
32767
3457
-6034
17973
27054
3574
-11052
6338
20540
3692
-14925
-3403
14710
3791
-18483
-13055
8534
3846
-22363
-24365
765
3811
-27539
-32768
-11366
3555
-32768
-32768
-32768
2466
-32768
-32768
-32768
-32768
32767
32767
32767
8186
15791
32767
32767
6855
-359
32399
32767
6487
-7075
15420
27904
6327
-11175
3952
20518
6217
-14297
-5587
13953
6088
-17132
-14980
7053
5878
-20194
-25917
-1556
5483
-24248
-32768
-14872
4619
-31385
-32768
-32768
1986
-32768
-32768
-32768
-32768
32767
32767
32767
14192
10837
32767
32767
10827
-2341
29409
32767
9732
-7703
12746
28361
9131
-10920
1580
20138
8670
-13331
-7646
12880
8206
-15488
-16674
5305
7621
-17793
-27119
-4073
6728
-20821
-32768
-18447
5047
-26119
-32768
-32768
399
-32768
-32768
-32768
-32768
32767
32767
32767
21535
6470
32767
32767
15237
-3816
26160
32767
13128
-7895
10012
28415
11928
-10289
-723
19410
11003
-12044
-9533
11516
10104
-13585
-18098
3332
9041
-15208
-27945
-6725
7529
-17326
-32768
-22007
4848
-21021
-32768
-32768
-2191
-32096
-32768
-32768
-32768
32767
32767
32767
30177
2831
32767
32767
20009
-4734
22724
32767
16610
-7638
7277
28065
14662
-9290
-2907
18352
13167
-10461
-11206
9892
11743
-11461
-19222
1179
10113
-12494
-28377
-9452
7878
-13835
-32768
-25472
4049
-16185
-32768
-32768
-5665
-23196
-32768
-32768
-32768
32767
32767
32767
32767
51
32767
32767
25061
-5057
19176
32767
20110
-6929
4604
27318
17278
-7938
-4920
16986
15119
-8614
-12626
8045
13093
-9159
-20018
-1104
10821
-9705
-28406
-12192
7777
-10416
-32768
-28765
2684
-11695
-32768
-32768
-9894
-15584
-32768
-32768
-32768
32767
32767
32767
32767
-1750
32767
32767
30300
-4759
15598
32767
23556
-5773
2055
26191
19721
-6259
-6717
15345
16818
-6537
-13760
6018
14126
-6726
-20470
-3466
11152
-6898
-28031
-14883
7237
-7135
-32768
-31814
801
-7628
-32768
-32768
-14740
-9303
-32768
-32768
-32768
32767
32767
32767
32767
-2463
32767
32767
32767
-3825
12071
32767
26880
-4186
-311
24707
21941
-4284
-8256
13463
18231
-4273
-14583
3856
14824
-4212
-20566
-5853
11106
-4130
-27260
-17465
6278
-4056
-32768
-32768
-1544
-4050
-32768
-32768
-20059
-4376
-32768
-32768
-32768
30222
32767
32767
32767
-1997
32767
32767
32767
-2254
8678
32767
30014
-2193
-2438
22899
23893
-2048
-9499
11384
19329
-1868
-15073
1607
15174
-1668
-20302
-8212
10689
-1456
-26109
-19881
4928
-1238
-32768
-32768
-4285
-1016
-32768
-32768
-25705
-800
-32768
-32768
-32768
5135
32767
32767
32767
-277
28069
32767
32767
-56
5501
32767
32767
173
-4274
20806
25535
403
-10415
9154
20090
631
-15217
-677
15173
855
-19683
-10490
9913
1070
-24603
-22078
3224
1269
-31225
-32768
-7351
1430
-32768
-32768
-31532
1449
-32768
-32768
-32768
-20007
32767
32767
32767
2753
22331
32767
32767
2742
2617
32767
32767
2870
-5773
18474
26834
3023
-10981
6821
20500
3173
-15010
-2947
14823
3305
-18720
-12637