0
32767
32767
32767
234
26883
32767
32767
467
4886
32767
32767
698
-4609
20348
25829
926
-10560
8684
20203
1148
-15204
-1143
15130
1363
-19514
-10941
9712
1563
-24255
-22495
2837
1738
-30626
-32768
-8010
1855
-32768
-32768
-32730
1749
-32768
-32768
-32768
-25121
32767
32767
32767
3536
21189
32767
32767
3384
2072
32767
32767
3457
-6034
17973
27054
3574
-11052
6338
20540
3692
-14925
-3403
14710
3791
-18483
-13055
8534
3846
-22363
-24365
765
3811
-27539
-32768
-11366
3555
-32768
-32768
-32768
2466
-32768
-32768
-32768
-32768
32767
32767
32767
8186
15791
32767
32767
6855
-359
32399
32767
6487
-7075
15420
27904
6327
-11175
3952
20518
6217
-14297
-5587
13953
6088
-17132
-14980
7053
5878
-20194
-25917
-1556
5483
-24248
-32768
-14872
4619
-31385
-32768
-32768
1986
-32768
-32768
-32768
-32768
32767
32767
32767
14192
10837
32767
32767
10827
-2341
29409
32767
9732
-7703
12746
28361
9131
-10920
1580
20138
8670
-13331
-7646
12880
8206
-15488
-16674
5305
7621
-17793
-27119
-4073
6728
-20821
-32768
-18447
5047
-26119
-32768
-32768
399
-32768
-32768
-32768
-32768
32767
32767
32767
21535
6470
32767
32767
15237
-3816
26160
32767
13128
-7895
10012
28415
11928
-10289
-723
19410
11003
-12044
-9533
11516
10104
-13585
-18098
3332
9041
-15208
-27945
-6725
7529
-17326
-32768
-22007
4848
-21021
-32768
-32768
-2191
-32096
-32768
-32768
-32768
32767
32767
32767
30177
2831
32767
32767
20009
-4734
22724
32767
16610
-7638
7277
28065
14662
-9290
-2907
18352
13167
-10461
-11206
9892
11743
-11461
-19222
1179
10113
-12494
-28377
-9452
7878
-13835
-32768
-25472
4049
-16185
-32768
-32768
-5665
-23196
-32768
-32768
-32768
32767
32767
32767
32767
51
32767
32767
25061
-5057
19176
32767
20110
-6929
4604
27318
17278
-7938
-4920
16986
15119
-8614
-12626
8045
13093
-9159
-20018
-1104
10821
-9705
-28406
-12192
7777
-10416
-32768
-28765
2684
-11695
-32768
-32768
-9894
-15584
-32768
-32768
-32768
32767
32767
32767
32767
-1750
32767
32767
30300
-4759
15598
32767
23556
-5773
2055
26191
19721
-6259
-6717
15345
16818
-6537
-13760
6018
14126
-6726
-20470
-3466
11152
-6898
-28031
-14883
7237
-7135
-32768
-31814
801
-7628
-32768
-32768
-14740
-9303
-32768
-32768
-32768
32767
32767
32767
32767
-2463
32767
32767
32767
-3825
12071
32767
26880
-4186
-311
24707
21941
-4284
-8256
13463
18231
-4273
-14583
3856
14824
-4212
-20566
-5853
11106
-4130
-27260
-17465
6278
-4056
-32768
-32768
-1544
-4050
-32768
-32768
-20059
-4376
-32768
-32768
-32768
30222
32767
32767
32767
-1997
32767
32767
32767
-2254
8678
32767
30014
-2193
-2438
22899
23893
-2048
-9499
11384
19329
-1868
-15073
1607
15174
-1668
-20302
-8212
10689
-1456
-26109
-19881
4928
-1238
-32768
-32768
-4285
-1016
-32768
-32768
-25705
-800
-32768
-32768
-32768
5135
32767
32767
32767
-277
28069
32767
32767
-56
5501
32767
32767
173
-4274
20806
25535
403
-10415
9154
20090
631
-15217
-677
15173
855
-19683
-10490
9913
1070
-24603
-22078
3224
1269
-31225
-32768
-7351
1430
-32768
-32768
-31532
1449
-32768
-32768
-32768
-20007
32767
32767
32767
2753
22331
32767
32767
2742
2617
32767
32767
2870
-5773
18474
26834
3023
-10981
6821
20500
3173
-15010
-2947
14823
3305
-18720
-12637
8800
3399
-22773
-24008
1210
3419
-28187
-32768
-10666
3259
-32768
-32768
-32768
2419
-32768
-32768
-32768
-32768
32767
32767
32767
7127
16861
32767
32767
6104
103
32767
32767
5850
-6896
15953
27762
5759
-11180
4439
20551
5706
-14453
-5150
14134
5632
-17432
-14605
7378
5486
-20657
-25628
-1065
5175
-24933
-32768
-14148
4454
-32471
-32768
-32768
2177
-32768
-32768
-32768
-32768
32767
32767
32767
12857
11805
32767
32767
9979
-1976
30042
32767
9055
-7610
13299
28300
8557
-11003
2060
20244
8178
-13555
-7238
13124
7790
-15846
-16349
5681
7290
-18299
-26904
-3546
6509
-21528
-32768
-17716
5011
-27183
-32768
-32768
808
-32768
-32768
-32768
-32768
32767
32767
32767
19930
7307
32767
32767
14305
-3558
26840
32767
12426
-7892
10572
28437
11360
-10448
-261
19586
10539
-12332
-9164
11817
9736
-13993
-17831
3751
8778
-15748
-27808
-6176
7402
-18041
-32768
-21286
4938
-22043
-32768
-32768
-1587
-32768
-32768
-32768
-32768
32767
32767
32767
28311
3509
32767
32767
19010
-4594
23436
32767
15896
-7727
7832
28169
14112
-9523
-2473
18594
12741
-10807
-10883
10243
11431
-11910
-19018
1631
9924
-13056
-28322
-8893
7844
-14544
-32768
-24777
4259
-17146
-32768
-32768
-4891
-24910
-32768
-32768
-32768
32767
32767
32767
32767
543
32767
32767
24011
-5041
19905
32767
19397
-7110
5141
27502
16756
-8242
-4526
17289
14740
-9011
-12358
8438
12842
-9641
-19883
-630
10707
-10277
-28433
-11635
7834
-11104
-32768
-28111
3006
-12579
-32768
-32768
-8976
-17030
-32768
-32768
-32768
32767
32767
32767
32767
-1467
32767
32767
29220
-4871
16327
32767
22861
-6045
2562
26451
19239
-6627
-6370
15701
16494
-6977
-13553
6444
13942
-7231
-20406
-2980
11115
-7469
-28140
-14341
7382
-7790
-32768
-31215
1225
-8420
-32768
-32768
-13708
-10475
-32768
-32768
-32768
32767
32767
32767
32767
-2411
32767
32767
32767
-4068
12783
32767
26215
-4544
154
25038
21508
-4709
-7965
13865
17968
-4748
-14442
4306
14709
-4729
-20575
-5366
11146
-4689
-27449
-16950
6506
-4665
-32768
-32768
-1031
-4737
-32768
-32768
-18942
-5271
-32768
-32768
-32768
32767
32767
32767
32767
-2192
32767
32767
32767
-2626
9356
32767
29393
-2631
-2026
23293
23518
-2524
-9271
11823
19132
-2368
-15001
2071
15131
-2187
-20385
-7736
10804
-1991
-26374
-19405
5233
-1789
-32768
-32768
-3697
-1589
-32768
-32768
-24534
-1421
-32768
-32768
-32768
10268
32767
32767
32767
-733
29259
32767
32767
-555
6128
32767
32329
-338
-3925
21255
25227
-112
-10256
9619
19963
116
-15216
-211
15202
344
-19837
-10035
10099
569
-24938
-21650
3599
785
-31812
-32768
-6703
980
-32768
-32768
-30335
1096
-32768
-32768
-32768
-14885
32767
32767
32767
2027
23485
32767
32767
2124
3178
32767
32767
2295
-5497
18967
26598
2477
-10895
7303
20446
2653
-15081
-2487
14922
2813
-18943
-12212
9053
2942
-23171
-23638
1644
3011
-28827
-32768
-9973
2937
-32768
-32768
-32768
2322
-32768
-32768
-32768
-32768
32767
32767
32767
6124
17949
32767
32767
5374
583
32767
32767
5221
-6699
16480
27604
5194
-11170
4927
20570
5192
-14595
-4708
14302
5169
-17720
-14220
7691
5082
-21110
-25324
-582
4851
-25611
-32768
-13428
4262
-32768
-32768
-32768
2321
-32768
-32768
-32768
-32768
32767
32767
32767
11577
12796
32767
32767
9149
-1590
30664
32767
8386
-7499
13849
28223
7984
-11070
2543
20336
7681
-13765
-6824
13355
7366
-16193
-16013
6048
6947
-18798
-26673
-3026
6273
-22231
-32768
-16985
4949
-28253
-32768
-32768
1174
-32768
-32768
-32768
-32768
32767
32767
32767
18378
8173
32767
32767
13389
-3278
27513
32767
11728
-7870
11131
28442
10790
-10592
205
19748
10069
-12607
-8786
12106
9358
-14391
-17551
4162
8502
-16282
-27655
-5630
7256
-18756
-32768
-20561
5003
-23075
-32768
-32768
-1020
-32768
-32768
-32768
-32768
32767
32767
32767
26497
4220
32767
32767
18022
-4429
24144
32767
15183
-7798
8389
28256
13557
-9741
-2033
18822
12307
-11141
-10551
10584
11107
-12352
-18801
2077
9719
-13614
-28249
-8334
7790
-15255
-32768
-24075
4445
-18122
-32768
-32768
-4149
-26677
-32768
-32768
-32768
32767
32767
32767
32767
1074
32767
32767
22971
-4999
20633
32767
18684
-7273
5683
27670
16228
-8531
-4122
17579
14350
-9398
-12079
8823
12579
-10117
-19734
-159
10577
-10848
-28443
-11076
7872
-11798
-32768
-27447
3306
-13480
-32768
-32768
-8086
-18532
-32768
-32768
-32768
32767
32767
32767
32767
-1140
32767
32767
28145
-4957
17057
32767
22160
-6298
3077
26696
18748
-6983
-6013
16046
16157
-7410
-13334
6864
13744
-7732
-20328
-2496
11063
-8042
-28232
-13795
7510
-8453
-32768
-30603
1629
-9232
-32768
-32768
-12697
-11704
-32768
-32768
-32768
32767
32767
32767
32767
-2310
32767
32767
32767
-4284
13499
32767
25543
-4885
629
25354
21065
-5124
-7662
14258
17691
-5217
-14286
4752
14580
-5244
-20570
-4879
11171
-5251
-27621
-16428
6718
-5285
-32768
-32768
-535
-5447
-32768
-32768
-17840
-6223
-32768
-32768
-32768
32767
32767
32767
32767
-2335
32767
32767
32767
-2972
10041
32767
28762
-3054
-1602
23674
23131
-2989
-9029
12254
18921
-2864
-14914
2532
15074
-2706
-20453
-7256
10903
-2533
-26623
-18919
5524
-2353
-32768
-32768
-3122
-2186
-32768
-32768
-23371
-2098
-32768
-32768
-32768
15396
32767
32767
32767
-1135
30453
32767
32767
-1028
6766
32767
31753
-835
-3563
21692
24904
-621
-10082
10079
19822
-397
-15201
256
15216
-169
-19978
-9574
10271
60
-25259
-21211
3960
287
-32387
-32768
-6065
505
-32768
-32768
-29141
689
-32768
-32768
-32768
-9756
32767
32767
32767
1356
24649
32767
32767
1529
3754
32767
32767
1732
-5205
19452
26347
1937
-10794
7782
20376
2134
-15137
-2025
15008
2317
-19153
-11780
9293
2475
-23557
-23255
2067
2587
-29457
-32768
-9288
2589
-32768
-32768
-32768
2174
-32768
-32768
-32768
-32768
32767
32767
32767
5178
19052
32767
32767
4667
1080
32767
32767
4603
-6485
17001
27430
4632
-11144
5414
20574
4676
-14722
-4262
14455
4700
-17996
-13826
7993
4666
-21553
-25006
-108
4508
-26283
-32768
-12712
4044
-32768
-32768
-32768
2417
-32768
-32768
-32768
-32768
32767
32767
32767
10355
13809
32767
32767
8339
-1184
31274
32767
7723
-7369
14395
28129
7411
-11121
3027
20412
7179
-13962
-6403
13574
6933
-16528
-15666
6405
6590
-19288
-26427
-2512
6017
-22931
-32768
-16255
4860
-29329
-32768
-32768
1497
-32768
-32768
-32768
-32768
32767
32767
32767
16882
9066
32767
32767
12489
-2976
28176
32767
11034
-7830
11690
28430
10219
-10720
676
19896
9592
-12869
-8400
12384
8970
-14779
-17260
4564
8211
-16809
-27485
-5088
7092
-19470
-32768
-19834
5043
-24117
-32768
-32768
-493
-32768
-32768
-32768
-32768
32767
32767
32767
24735
4966
32767
32767
17048
-4240
24846
32767
14472
-7849
8948
28327
12999
-9944
-1587
19038
11865
-11464
-10209
10915
10772
-12785
-18571
2516
9499
-14168
-28160
-7777
7718
-15968
-32768
-23366
4608
-19110
-32768
-32768
-3440
-28496
-32768
-32768
-32768
32767
32767
32767
32767
1645
32767
32767
21939
-4932
21357
32767
17969
-7417
6230
27822
15693
-8806
-3710
17857
13951
-9775
-11788
9200
12302
-10587
-19570
307
10432
-11418
-28436
-10517
7892
-12497
-32768
-26774
3584
-14398
-32768
-32768
-7223
-20089
-32768
-32768
-32768
32767
32767
32767
32767
-770
32767
32767
27075
-5017
17788
32767
21456
-6533
3598
26925
18248
-7325
-5645
16381
15810
-7833
-13101
7278
13532
-8228
-20235
-2013
10994
-8615
-28308
-13245
7619
-9124
-32768
-29980
2012
-10064
-32768
-32768
-11708
-12989
-32768
-32768
-32768
32767
32767
32767
32767
-2161
32767
32767
32362
-4473
14220
32767
24863
-5208
1113
25656
20611
-5527
-7347
14642
17402
-5679
-14118
5193
14437
-5758
-20550
-4391
11179
-5817
-27778
-15901
6913
-5914
-32768
-32768
-57
-6179
-32768
-32768
-16754
-7232
-32768
-32768
-32768
32767
32767
32767
32767
-2427
32767
32767
32767
-3291
10735
32767
28122
-3460
-1167
24043
22732
-3445
-8775
12678
18696
-3355
-14813
2991
15001
-3226
-20506
-6774
10988
-3079
-26858
-18425
5799
-2930
-32768
-32768
-2563
-2806
-32768
-32768
-22218
-2830
-32768
-32768
-32768
20518
32767
32767
32767
-1483
31650
32767
32767
-1475
7416
32767
31164
-1318
-3187
22119
24568
-1121
-9894
10535
19665
-907
-15170
723
15216
-684
-20103
-9108
10429
-456
-25566
-20762
4307
-226
-32768
-32768
-5440
4
-32768
-32768
-27951
227
-32768
-32768
-32768
-4622
32767
32767
32767
740
25822
32767
32767
959
4343
32767
32767
1182
-4898
19928
26081
1402
-10677
8259
20292
1615
-15179
-1562
15078
1816
-19349
-11341
9520
1999
-23930
-22860
2478
2147
-30077
-32768
-8612
2214
-32768
-32768
-32768
1974
-32768
-32768
-32768
-29713
32767
32767
32767
4289
20171
32767
32767
3981
1595
32767
32767
3995
-6255
17516
27239
4073
-11103
5901
20563
4159
-14835
-3812
14595
4224
-18258
-13424
8283
4239
-21985
-24675
356
4149
-26948
-32768
-12001
3798
-32768
-32768
-32768
2465
-32768
-32768
-32768
-32768
32767
32767
32767
9188
14843
32767
32767
7549
-759
31872
32767
7069
-7223
14936
28018
6840
-11156
3513
20474
6674
-14144
-5976
13779
6492
-16851
-15310
6751
6221
-19769
-26165
-2006
5744
-23627
-32768
-15526
4746
-30409
-32768
-32768
1775
-32768
-32768
-32768
-32768
32767
32767
32767
15441
9986
32767
32767
11606
-2651
28829
32767
10346
-7772
12247
28401
9646
-10832
1150
20030
9109
-13118
-8007
12651
8572
-15157
-16957
4958
7906
-17330
-27300
-4552
6909
-20182
-32768
-19104
5056
-25167
-32768
-32768
-5
-32768
-32768
-32768
-32768
32767
32767
32767
23027
5744
32767
32767
16088
-4027
25541
32767
13763
-7882
9507
28381
12436
-10132
-1135
19240
11414
-11775
-9857
11236
10425
-13210
-18328
2949
9264
-14718
-28054
-7222
7627
-16683
-32768
-22653
4745
-20111
-32768
-32768
-2767
-30368
-32768
-32768
-32768
32767
32767
32767
31901
2253
32767
32767
20919
-4839
22078
32767
17254
-7542
6779
27957
15153
-9067
-3291
18123
13543
-10141
-11486
9568
12014
-11050
-19393
768
10271
-11985
-28413
-9956
7893
-13200
-32768
-26092
3839
-15332
-32768
-32768
-6389
-21700
-32768
-32768
-32768
32767
32767
32767
32767
-356
32767
32767
26012
-5050
18519
32767
20749
-6750
4125
27139
17741
-7654
-5268
16705
15451
-8248
-12856
7685
13307
-8720
-20127
-1533
10910
-9189
-28367
-12692
7711
-9801
-32768
-29346
2375
-10914
-32768
-32768
-10742
-14329
-32768
-32768
-32768
32767
32767
32767
32767
-1965
32767
32767
31275
-4636
14944
32767
24178
-5513
1605
25944
20147
-5918
-7021
15016
17100
-6134
-13936
5630
14279
-6269
-20514
-3904
11172
-6385
-27918
-15368
7092
-6553
-32768
-32342
403
-6932
-32768
-32768
-15686
-8296
-32768
-32768
-32768
32767
32767
32767
32767
-2469
32767
32767
32767
-3584
11435
32767
27472
-3850
-721
24399
22321
-3891
-8507
13095
18457
-3841
-14698
3448
14914
-3745
-20544
-6290
11057
-3630
-27076
-17923
6058
-3518
-32768
-32768
-2019
-3450
-32768
-32768
-21076
-3618
-32768
-32768
-32768
25630
32767
32767
32767
-1777
32767
32767
32767
-1897
8076
32767
30564
-1785
-2798
22535
24219
-1613
-9692
10985
19495
-1414
-15126
1189
15200
-1201
-20214
-8638
10572
-979
-25859
-20303
4640
-752
-32768
-32768
-4826
-522
-32768
-32768
-26766
-289
-32768
-32768
-32768
513
32767
32767
32767
180
27002
32767
32767
414
4947
32767
32767
645
-4576
20394
25800
873
-10546
8732
20192
1097
-15206
-1097
15135
1312
-19531
-10896
9733
1514
-24291
-22454
2876
1692
-30686
-32768
-7944
1813
-32768
-32768
-32610
1722
-32768
-32768
-32768
-24610
32767
32767
32767
3455
21302
32767
32767
3319
2126
32767
32767
3398
-6009
18023
27033
3518
-11046
6386
20537
3640
-14934
-3358
14722
3743
-18507
-13013
8561
3802
-22405
-24329
810
3772
-27604
-32768
-11296
3527
-32768
-32768
-32768
2463
-32768
-32768
-32768
-32768
32767
32767
32767
8078
15897
32767
32767
6779
-314
32457
32767
6423
-7058
15474
27891
6270
-11176
4000
20522
6166
-14313
-5544
13972
6043
-17163
-14943
7086
5840
-20241
-25889
-1507
5453
-24317
-32768
-14800
4604
-31493
-32768
-32768
2007
-32768
-32768
-32768
-32768
32767
32767
32767
14056
10932
32767
32767
10741
-2305
29472
32767
9664
-7695
12802
28356
9073
-10929
1628
20149
8621
-13354
-7605
12905
8165
-15525
-16642
5343
7588
-17844
-27098
-4020
6707
-20891
-32768
-18374
5044
-26225
-32768
-32768
441
-32768
-32768
-32768
-32768
32767
32767
32767
21372
6553
32767
32767
15143
-3791
26228
32767
13058
-7896
10068
28418
11871
-10305
-677
19429
10957
-12073
-9496
11547
10068
-13626
-18072
3374
9015
-15262
-27932
-6670
7517
-17398
-32768
-21935
4858
-21123
-32768
-32768
-2129
-32291
-32768
-32768
-32768
32767
32767
32767
29988
2898
32767
32767
19909
-4721
22795
32767
16539
-7648
7332
28076
14607
-9314
-2864
18377
13125
-10497
-11174
9927
11713
-11506
-19202
1225
10095
-12550
-28372
-9396
7876
-13906
-32768
-25403
4071
-16280
-32768
-32768
-5586
-23365
-32768
-32768
-32768
32767
32767
32767
32767
98
32767
32767
24955
-5057
19249
32767
20038
-6948
4658
27337
17226
-7969
-4881
17017
15081
-8654
-12599
8085
13068
-9207
-20005
-1056
10810
-9762
-28409
-12137
7784
-10484
-32768
-28700
2717
-11782
-32768
-32768
-9801
-15726
-32768
-32768
-32768
32767
32767
32767
32767
-1724
32767
32767
30192
-4772
15671
32767
23487
-5801
2105
26218
19673
-6297
-6683
15381
16786
-6581
-13740
6061
14108
-6776
-20464
-3417
11149
-6955
-28042
-14829
7252
-7200
-32768
-31754
844
-7706
-32768
-32768
-14636
-9418
-32768
-32768
-32768
32767
32767
32767
32767
-2460
32767
32767
32767
-3851
12142
32767
26814
-4223
-265
24741
21898
-4327
-8227
13504
18205
-4321
-14569
3901
14813
-4264
-20567
-5804
11111
-4186
-27279
-17414
6301
-4117
-32768
-32768
-1491
-4117
-32768
-32768
-19947
-4463
-32768
-32768
-32768
30731
32767
32767
32767
-2019
32767
32767
32767
-2292
8745
32767
29953
-2238
-2397
22939
23856
-2096
-9476
11428
19310
-1918
-15066
1654
15171
-1719
-20311
-8165
10701
-1509
-26136
-19834
4959
-1292
-32768
-32768
-4225
-1072
-32768
-32768
-25588
-860
-32768
-32768
-32768
5648
32767
32767
32767
-325
28188
32767
32767
-107
5563
32767
32767
121
-4240
20852
25505
351
-10400
9201
20078
580
-15218
-631
15177
804
-19699
-10445
9932
1020
-24637
-22036
3262
1221
-31284
-32768
-7286
1387
-32768
-32768
-31412
1416
-32768
-32768
-32768
-19495
32767
32767
32767
2678
22446
32767
32767
2679
2673
32767
32767
2812
-5746
18523
26811
2968
-10973
6870
20495
3121
-15018
-2901
14834
3256
-18743
-12595
8826
3354
-22814
-23971
1254
3379
-28252
-32768
-10597
3228
-32768
-32768
-32768
2412
-32768
-32768
-32768
-32768
32767
32767
32767
7024
16969
32767
32767
6030
150
32767
32767
5786
-6877
16006
27747
5703
-11180
4488
20554
5654
-14468
-5106
14152
5586
-17462
-14566
7410
5446
-20703
-25598
-1016
5144
-25001
-32768
-14076
4436
-32580
-32768
-32768
2194
-32768
-32768
-32768
-32768
32767
32767
32767
12726
11903
32767
32767
9895
-1938
30105
32767
8988
-7600
13354
28293
8500
-11010
2109
20254
8128
-13576
-7197
13148
7748
-15881
-16316
5719
7256
-18350
-26881
-3494
6487
-21598
-32768
-17643
5006
-27290
-32768
-32768
846
-32768
-32768
-32768
-32768
32767
32767
32767
19772
7392
32767
32767
14212
-3531
26908
32767
12356
-7891
10628
28438
11303
-10463
-215
19603
10492
-12360
-9126
11846
9699
-14033
-17804
3792
8751
-15802
-27794
-6121
7388
-18113
-32768
-21213
4946
-22146
-32768
-32768
-1528
-32768
-32768
-32768
-32768
32767
32767
32767
28127
3578
32767
32767
18910
-4578
23507
32767
15825
-7735
7887
28178
14057
-9545
-2430
18617
12698
-10841
-10851
10277
11399
-11955
-18997
1676
9904
-13112
-28315
-8837
7839
-14615
-32768
-24707
4279
-17243
-32768
-32768
-4815
-25084
-32768
-32768
-32768
32767
32767
32767
32767
594
32767
32767
23907
-5038
19978
32767
19326
-7127
5195
27520
16704
-8271
-4486
17318
14701
-9050
-12331
8477
12816
-9689
-19869
-583
10694
-10334
-28435
-11579
7839
-11174
-32768
-28045
3037
-12668
-32768
-32768
-8886
-17178
-32768
-32768
-32768
32767
32767
32767
32767
-1437
32767
32767
29112
-4881
16400
32767
22791
-6071
2613
26476
19190
-6663
-6335
15736
16461
-7021
-13532
6487
13922
-7281
-20399
-2931
11111
-7527
-28150
-14287
7396
-7856
-32768
-31154
1266
-8500
-32768
-32768
-13606
-10596
-32768
-32768
-32768
32767
32767
32767
32767
-2403
32767
32767
32767
-4091
12854
32767
26148
-4579
201
25070
21464
-4751
-7935
13905
17941
-4795
-14427
4350
14697
-4781
-20575
-5318
11149
-4745
-27467
-16898
6528
-4727
-32768
-32768
-980
-4807
-32768
-32768
-18831
-5364
-32768
-32768
-32768
32767
32767
32767
32767
-2209
32767
32767
32767
-2662
9424
32767
29331
-2674
-1984
23332
23480
-2571
-9247
11866
19111
-2417
-14993
2117
15126
-2239
-20392
-7688
10814
-2045
-26400
-19356
5263
-1845
-32768
-32768
-3639
-1647
-32768
-32768
-24417
-1486
-32768
-32768
-32768
10781
32767
32767
32767
-775
29378
32767
32767
-603
6191
32767
32272
-389
-3890
21299
25195
-164
-10239
9665
19950
65
-15215
-164
15204
293
-19852
-9989
10117
519
-24971
-21607
3635
736
-31870
-32768
-6639
934
-32768
-32768
-30215
1058
-32768
-32768
-32768
-14372
32767
32767
32767
1957
23601
32767
32767
2063
3235
32767
32767
2238
-5468
19016
26574
2423
-10886
7351
20439
2601
-15087
-2441
14932
2764
-18965
-12169
9078
2896
-23211
-23600
1687
2970
-28890
-32768
-9905
2904
-32768
-32768
-32768
2310
-32768
-32768
-32768
-32768
32767
32767
32767
6027
18058
32767
32767
5302
632
32767
32767
5159
-6678
16532
27587
5138
-11168
4976
20571
5141
-14608
-4664
14318
5123
-17748
-14181
7722
5041
-21155
-25293
-534
4817
-25679
-32768
-13356
4242
-32768
-32768
-32768
2333
-32768
-32768
-32768
-32768
32767
32767
32767
11453
12896
32767
32767
9067
-1551
30726
32767
8319
-7486
13903
28214
7926
-11075
2591
20344
7631
-13785
-6782
13378
7323
-16227
-15979
6084
6912
-18847
-26649
-2974
6248
-22302
-32768
-16912
4941
-28361
-32768
-32768
1208
-32768
-32768
-32768
-32768
32767
32767
32767
18226
8261
32767
32767
13298
-3249
27579
32767
11658
-7867
11187
28441
10733
-10605
252
19764
10021
-12633
-8748
12135
9320
-14430
-17523
4202
8473
-16335
-27639
-5576
7241
-18828
-32768
-20488
5008
-23179
-32768
-32768
-966
-32768
-32768
-32768
-32768
32767
32767
32767
26318
4293
32767
32767
17924
-4411
24214
32767
15112
-7804
8445
28264
13502
-9762
-1989
18845
12263
-11174
-10517
10617
11074
-12396
-18779
2121
9698
-13669
-28241
-8278
7784
-15326
-32768
-24004
4463
-18220
-32768
-32768
-4076
-26856
-32768
-32768
-32768
32767
32767
32767
32767
1130
32767
32767
22867
-4993
20705
32767
18612
-7288
5738
27686
16175
-8559
-4081
17607
14311
-9436
-12050
8861
12552
-10164
-19718
-113
10563
-10906
-28443
-11020
7875
-11868
-32768
-27380
3335
-13571
-32768
-32768
-7998
-18685
-32768
-32768
-32768
32767
32767
32767
32767
-1105
32767
32767
28038
-4964
17130
32767
22090
-6322
3128
26719
18698
-7017
-5977
16080
16123
-7452
-13311
6906
13723
-7781
-20319
-2447
11056
-8099
-28241
-13740
7521
-8520
-32768
-30542
1668
-9314
-32768
-32768
-12597
-11830
-32768
-32768
-32768
32767
32767
32767
32767
-2297
32767
32767
32767
-4304
13571
32767
25475
-4918
677
25385
21020
-5165
-7631
14296
17663
-5264
-14270
4796
14566
-5296
-20569
-4830
11172
-5308
-27638
-16376
6739
-5347
-32768
-32768
-486
-5519
-32768
-32768
-17731
-6322
-32768
-32768
-32768
32767
32767
32767
32767
-2347
32767
32767
32767
-3005
10110
32767
28699
-3095
-1559
23712
23092
-3035
-9004
12297
18899
-2913
-14905
2578
15067
-2758
-20459
-7208
10912
-2587
-26648
-18870
5552
-2410
-32768
-32768
-3066
-2247
-32768
-32768
-23255
-2168
-32768
-32768
-32768
15909
32767
32767
32767
-1172
30573
32767
32767
-1073
6831
32767
31695
-884
-3526
21736
24871
-671
-10064
10125
19807
-448
-15198
303
15217
-220
-19991
-9527
10288
9
-25290
-21167
3995
236
-32444
-32768
-6002
456
-32768
-32768
-29022
645
-32768
-32768
-32768
-9243
32767
32767
32767
1292
24766
32767
32767
1471
3812
32767
32767
1677
-5175
19500
26321
1883
-10783
7830
20368
2082
-15142
-1979
15015
2267
-19173
-11736
9316
2428
-23595
-23216
2108
2544
-29519
-32768
-9220
2553
-32768
-32768
-32768
2156
-32768
-32768
-32768
-32768
32767
32767
32767
5087
19163
32767
32767
4597
1131
32767
32767
4542
-6463
17053
27411
4576
-11141
5463
20574
4625
-14734
-4217
14470
4653
-18022
-13786
8023
4624
-21597
-24974
-61
4473
-26350
-32768
-12641
4020
-32768
-32768
-32768
2424
-32768
-32768
-32768
-32768
32767
32767
32767
10235
13912
32767
32767
8259
-1143
31335
32767
7658
-7356
14449
28118
7354
-11125
3076
20419
7129
-13980
-6360
13595
6889
-16561
-15631
6440
6554
-19337
-26401
-2461
5991
-23001
-32768
-16182
4850
-29437
-32768
-32768
1526
-32768
-32768
-32768
-32768
32767
32767
32767
16735
9157
32767
32767
12400
-2944
28242
32767
10965
-7825
11746
28428
10162
-10732
723
19910
9544
-12894
-8361
12412
8931
-14817
-17230
4604
8181
-16862
-27468
-5035
7075
-19541
-32768
-19761
5045
-24221
-32768
-32768
-442
-32768
-32768
-32768
-32768
32767
32767
32767
24562
5042
32767
32767
16952
-4220
24915
32767
14401
-7853
9004
28333
12943
-9964
-1542
19059
11820
-11496
-10174
10948
10738
-12828
-18547
2560
9476
-14223
-28150
-7722
7710
-16040
-32768
-23295
4623
-19209
-32768
-32768
-3371
-28681
-32768
-32768
-32768
32767
32767
32767
32767
1704
32767
32767
21837
-4923
21429
32767
17897
-7430
6284
27836
15640
-8833
-3669
17884
13911
-9812
-11758
9237
12274
-10633
-19553
353
10416
-11475
-28435
-10461
7893
-12567
-32768
-26706
3611
-14491
-32768
-32768
-7138
-20247
-32768
-32768
-32768
32767
32767
32767
32767
-730
32767
32767
26968
-5021
17861
32767
21386
-6556
3650
26947
18198
-7358
-5608
16414
15774
-7875
-13077
7319
13510
-8278
-20225
-1965
10986
-8673
-28315
-13190
7629
-9191
-32768
-29917
2050
-10148
-32768
-32768
-11610
-13120
-32768
-32768
-32768
32767
32767
32767
32767
-2144
32767
32767
32253
-4490
14292
32767
24795
-5239
1161
25686
20565
-5566
-7315
14679
17372
-5725
-14100
5237
14422
-5809
-20547
-4343
11179
-5874
-27793
-15848
6932
-5978
-32768
-32768
-10
-6253
-32768
-32768
-16647
-7335
-32768
-32768
-32768
32767
32767
32767
32767
-2434
32767
32767
32767
-3322
10805
32767
28057
-3500
-1123
24079
22691
-3490
-8748
12720
18672
-3403
-14802
3037
14993
-3278
-20510
-6726
10996
-3134
-26880
-18375
5825
-2988
-32768
-32768
-2508
-2870
-32768
-32768
-22103
-2906
-32768
-32768
-32768
21030
32767
32767
32767
-1514
31770
32767
32767
-1518
7481
32767
31105
-1365
-3149
22161
24534
-1170
-9875
10580
19649
-958
-15167
770
15215
-736
-20115
-9061
10444
-508
-25596
-20717
4341
-278
-32768
-32768
-5378
-47
-32768
-32768
-27832
178
-32768
-32768
-32768
-4109
32767
32767
32767
682
25939
32767
32767
903
4403
32767
32767
1128
-4866
19975
26054
1349
-10665
8306
20282
1563
-15182
-1515
15085
1766
-19368
-11297
9542
1951
-23967
-22820
2518
2103
-30138
-32768
-8544
2175
-32768
-32768
-32768
1951
-32768
-32768
-32768
-29204
32767
32767
32767
4203
20283
32767
32767
3914
1647
32767
32767
3935
-6231
17567
27219
4017
-11098
5949
20561
4107
-14846
-3766
14609
4176
-18283
-13383
8312
4196
-22027
-24641
402
4112
-27014
-32768
-11930
3773
-32768
-32768
-32768
2467
-32768
-32768
-32768
-32768
32767
32767
32767
9074
14948
32767
32767
7471
-715
31931
32767
7004
-7207
14990
28006
6783
-11159
3562
20480
6623
-14162
-5933
13799
6447
-16883
-15273
6785
6183
-19817
-26138
-1955
5716
-23696
-32768
-15453
4733
-30518
-32768
-32768
1800
-32768
-32768
-32768
-32768
32767
32767
32767
15300
10080
32767
32767
11519
-2618
28894
32767
10278
-7765
12303
28397
9589
-10843
1198
20043
9061
-13142
-7967
12677
8532
-15194
-16926
4997
7875
-17382
-27280
-4498
6889
-20253
-32768
-19031
5056
-25272
-32768
-32768
41
-32768
-32768
-32768
-32768
32767
32767
32767
22859
5823
32767
32767
15993
-4005
25610
32767
13693
-7884
9563
28385
12380
-10150
-1089
19260
11369
-11805
-9822
11268
10390
-13252
-18303
2992
9240
-14772
-28043
-7167
7617
-16754
-32768
-22581
4758
-20211
-32768
-32768
-2701
-30558
-32768
-32768
-32768
32767
32767
32767
31707
2316
32767
32767
20817
-4828
22150
32767
17182
-7553
6834
27970
15099
-9092
-3248
18149
13501
-10177
-11456
9605
11984
-11096
-19374
814
10254
-12042
-28409
-9900
7892
-13270
-32768
-26024
3863
-15426
-32768
-32768
-6308
-21864
-32768
-32768
-32768
32767
32767
32767
32767
-313
32767
32767
25906
-5052
18592
32767
20678
-6770
4178
27160
17690
-7686
-5230
16736
15414
-8289
-12831
7725
13283
-8769
-20116
-1486
10901
-9246
-28372
-12637
7719
-9869
-32768
-29282
2411
-11000
-32768
-32768
-10647
-14466
-32768
-32768
-32768
32767
32767
32767
32767
-1943
32767
32767
31167
-4650
15016
32767
24109
-5543
1655
25972
20100
-5956
-6987
15053
17069
-6179
-13917
5673
14263
-6320
-20510
-3855
11171
-6442
-27932
-15314
7108
-6617
-32768
-32284
448
-7008
-32768
-32768
-15580
-8406
-32768
-32768
-32768
32767
32767
32767
32767
-2470
32767
32767
32767
-3612
11506
32767
27407
-3888
-676
24433
22279
-3935
-8480
13136
18433
-3889
-14686
3493
14905
-3797
-20547
-6242
11063
-3685
-27097
-17873
6083
-3577
-32768
-32768
-1966
-3516
-32768
-32768
-20962
-3700
-32768
-32768
-32768
26141
32767
32767
32767
-1804
32767
32767
32767
-1937
8142
32767
30503
-1831
-2759
22576
24183
-1662
-9671
11029
19477
-1465
-15120
1235
15198
-1253
-20225
-8591
10586
-1032
-25887
-20256
4673
-806
-32768
-32768
-4765
-576
-32768
-32768
-26648
-343
-32768
-32768
-32768
1027
32767
32767
32767
127
27120
32767
32767
360
5008
32767
32767
592
-4543
20441
25771
821
-10532
8779
20182
1045
-15208
-1050
15140
1261
-19548
-10851
9753
1465
-24326
-22413
2915
1646
-30746
-32768
-7878
1772
-32768
-32768
-32490
1693
-32768
-32768
-32768
-24099
32767
32767
32767
3375
21416
32767
32767
3254
2180
32767
32767
3339
-5983
18074
27011
3463
-11039
6434
20533
3588
-14943
-3312
14733
3694
-18531
-12972
8588
3758
-22446
-24294
855
3734
-27669
-32768
-11225
3498
-32768
-32768
-32768
2461
-32768
-32768
-32768
-32768
32767
32767
32767
7970
16003
32767
32767
6703
-268
32514
32767
6359
-7041
15527
27877
6213
-11177
4049
20526
6115
-14329
-5500
13991
5997
-17193
-14906
7119
5801
-20288
-25860
-1457
5423
-24385
-32768
-14727
4589
-31602
-32768
-32768
2028
-32768
-32768
-32768
-32768
32767
32767
32767
13920
11028
32767
32767
10656
-2270
29536
32767
9596
-7686
12857
28350
9016
-10938
1676
20160
8572
-13377
-7565
12930
8124
-15561
-16610
5381
7556
-17895
-27077
-3967
6686
-20962
-32768
-18301
5041
-26331
-32768
-32768
484
-32768
-32768
-32768
-32768
32767
32767
32767
21210
6635
32767
32767
15049
-3766
26297
32767
12987
-7896
10124
28421
11814
-10322
-631
19447
10911
-12103
-9460
11577
10031
-13667
-18046
3416
8989
-15317
-27919
-6615
7505
-17469
-32768
-21863
4868
-21225
-32768
-32768
-2067
-32486
-32768
-32768
-32768
32767
32767
32767
29800
2964
32767
32767
19808
-4708
22867
32767
16467
-7658
7387
28087
14552
-9337
-2821
18401
13083
-10532
-11142
9963
11682
-11551
-19182
1270
10077
-12606
-28367
-9340
7873
-13977
-32768
-25334
4093
-16376
-32768
-32768
-5508
-23535
-32768
-32768
-32768
32767
32767
32767
32767
146
32767
32767
24850
-5056
19322
32767
19967
-6967
4711
27356
17174
-8000
-4842
17048
15044
-8694
-12573
8124
13043
-9256
-19992
-1009
10799
-9819
-28413
-12081
7790
-10553
-32768
-28635
2750
-11870
-32768
-32768
-9709
-15869
-32768
-32768
-32768
32767
32767
32767
32767
-1697
32767
32767
30084
-4784
15744
32767
23417
-5829
2156
26244
19625
-6334
-6649
15417
16754
-6626
-13720
6104
14090
-6827
-20458
-3369
11146
-7012
-28054
-14775
7267
-7266
-32768
-31695
887
-7784
-32768
-32768
-14532
-9533
-32768
-32768
-32768
32767
32767
32767
32767
-2457
32767
32767
32767
-3876
12213
32767
26748
-4259
-219
24775
21855
-4370
-8199
13544
18180
-4369
-14556
3946
14802
-4315
-20569
-5756
11116
-4241
-27299
-17363
6325
-4177
-32768
-32768
-1440
-4185
-32768
-32768
-19835
-4551
-32768
-32768
-32768
31241
32767
32767
32767
-2040
32767
32767
32767
-2330
8813
32767
29891
-2282
-2357
22979
23819
-2144
-9454
11473
19291
-1968
-15060
1700
15167
-1771
-20320
-8117
10713
-1563
-26163
-19787
4990
-1347
-32768
-32768
-4166
-1129
-32768
-32768
-25470
-920
-32768
-32768
-32768
6162
32767
32767
32767
-372
28306
32767
32767
-158
5625
32767
32767
70
-4205
20897
25474
300
-10384
9247
20066
528
-15218
-584
15180
753
-19715
-10400
9951
971
-24671
-21993
3300
1174
-31343
-32768
-7221
1342
-32768
-32768
-31292
1383
-32768
-32768
-32768
-18983
32767
32767
32767
2603
22561
32767
32767
2616
2728
32767
32767
2754
-5719
18573
26788
2913
-10965
6918
20491
3069
-15025
-2855
14844
3207
-18766
-12553
8851
3309
-22854
-23935
1298
3339
-28316
-32768
-10527
3197
-32768
-32768
-32768
2404
-32768
-32768
-32768
-32768
32767
32767
32767
6922
17077
32767
32767
5956
197
32767
32767
5723
-6858
16059
27732
5646
-11179
4537
20556
5603
-14482
-5062
14169
5540
-17491
-14528
7441
5406
-20749
-25568
-968
5112
-25069
-32768
-14004
4418
-32689
-32768
-32768
2210
-32768
-32768
-32768
-32768
32767
32767
32767
12596
12001
32767
32767
9811
-1900
30167
32767
8921
-7589
13409
28286
8442
-11017
2157
20264
8079
-13598
-7156
13171
7706
-15916
-16282
5756
7223
-18400
-26859
-3442
6464
-21669
-32768
-17570
5000
-27396
-32768
-32768
884
-32768
-32768
-32768
-32768
32767
32767
32767
19615
7478
32767
32767
14120
-3504
26976
32767
12286
-7889
10684
28439
11246
-10478
-168
19620
10445
-12388
-9089
11875
9662
-14073
-17776
3834
8724
-15855
-27779
-6066
7375
-18184
-32768
-21141
4953
-22249
-32768
-32768
-1470
-32768
-32768
-32768
-32768
32767
32767
32767
27944
3648
32767
32767
18811
-4563
23578
32767
15753
-7743
7943
28188
14001
-9568
-2386
18640
12655
-10875
-10818
10312
11367
-11999
-18976
1721
9884
-13168
-28308
-8781
7835
-14686
-32768
-24637
4298
-17340
-32768
-32768
-4740
-25259
-32768
-32768
-32768
32767
32767
32767
32767
646
32767
32767
23802
-5035
20051
32767
19255
-7144
5249
27537
16651
-8301
-4446
17348
14663
-9089
-12303
8516
12790
-9736
-19854
-535
10682
-10392
-28436
-11523
7843
-11243
-32768
-27979
3068
-12758
-32768
-32768
-8796
-17326
-32768
-32768
-32768
32767
32767
32767
32767
-1405
32767
32767
29005
-4891
16473
32767
22721
-6097
2665
26501
19141
-6699
-6300
15770
16427
-7065
-13511
6529
13903
-7331
-20392
-2883
11106
-7584
-28160
-14232
7409
-7922
-32768
-31093
1307
-8581
-32768
-32768
-13504
-10716
-32768
-32768
-32768
32767
32767
32767
32767
-2394
32767
32767
32767
-4113
12925
32767
26081
-4614
248
25102
21420
-4793
-7905
13944
17913
-4843
-14412
4395
14684
-4832
-20575
-5269
11152
-4801
-27485
-16846
6550
-4789
-32768
-32768
-930
-4878
-32768
-32768
-18721
-5457
-32768
-32768
-32768
32767
32767
32767
32767
-2225
32767
32767
32767
-2697
9492
32767
29268
-2717
-1942
23370
23442
-2617
-9223
11909
19091
-2467
-14985
2163
15121
-2291
-20400
-7640
10825
-2099
-26425
-19308
5293
-1901
-32768
-32768
-3581
-1706
-32768
-32768
-24300
-1552
-32768
-32768
-32768
11294
32767
32767
32767
-818
29498
32767
32767
-651
6254
32767
32215
-439
-3854
21343
25163
-215
-10222
9711
19936
14
-15214
-117
15206
242
-19867
-9943
10135
468
-25003
-21563
3672
687
-31928
-32768
-6574
887
-32768
-32768
-30096
1019
-32768
-32768
-32768
-13859
32767
32767
32767
1888
23717
32767
32767
2003
3292
32767
32767
2182
-5439
19064
26549
2369
-10876
7399
20433
2549
-15093
-2395
14941
2714
-18986
-12126
9102
2850
-23250
-23562
1730
2928
-28954
-32768
-9836
2870
-32768
-32768
-32768
2297
-32768
-32768
-32768
-32768
32767
32767
32767
5931
18168
32767
32767
5231
681
32767
32767
5097
-6657
16585
27570
5081
-11166
5024
20572
5089
-14621
-4619
14333
5076
-17776
-14142
7753
5000
-21200
-25262
-486
4783
-25746
-32768
-13285
4221
-32768
-32768
-32768
2344
-32768
-32768
-32768
-32768
32767
32767
32767
11328
12997
32767
32767
8985
-1511
30787
32767
8253
-7474
13958
28205
7869
-11081
2640
20352
7581
-13805
-6740
13400
7280
-16260
-15944
6120
6876
-18897
-26625
-2923
6223
-22372
-32768
-16839
4933
-28468
-32768
-32768
1242
-32768
-32768
-32768
-32768
32767
32767
32767
18075
8349
32767
32767
13207
-3220
27646
32767
11589
-7864
11243
28441
10676
-10618
299
19779
9974
-12660
-8710
12163
9282
-14469
-17494
4243
8445
-16388
-27622
-5521
7225
-18899
-32768
-20416
5013
-23283
-32768
-32768
-912
-32768
-32768
-32768
-32768
32767
32767
32767
26140
4367
32767
32767
17827
-4393
24285
32767
15041
-7809
8501
28272
13446
-9783
-1945
18867
12219
-11207
-10484
10651
11041
-12439
-18756
2165
9676
-13725
-28233
-8223
7778
-15398
-32768
-23933
4480
-18318
-32768
-32768
-4004
-27037
-32768
-32768
-32768
32767
32767
32767
32767
1185
32767
32767
22764
-4988
20778
32767
18541
-7303
5792
27702
16121
-8587
-4040
17636
14271
-9474
-12022
8899
12524
-10211
-19702
-66
10549
-10963
-28443
-10965
7878
-11938
-32768
-27313
3364
-13663
-32768
-32768
-7911
-18839
-32768
-32768
-32768
32767
32767
32767
32767
-1070
32767
32767
27930
-4971
17203
32767
22020
-6347
3180
26743
18648
-7052
-5940
16114
16089
-7495
-13288
6948
13702
-7831
-20311
-2399
11050
-8157
-28249
-13685
7533
-8587
-32768
-30480
1707
-9397
-32768
-32768
-12497
-11956
-32768
-32768
-32768
32767
32767
32767
32767
-2284
32767
32767
32767
-4324
13643
32767
25407
-4951
725
25416
20975
-5205
-7600
14335
17634
-5310
-14254
4840
14553
-5347
-20567
-4781
11174
-5364
-27654
-16323
6759
-5410
-32768
-32768
-438
-5592
-32768
-32768
-17622
-6420
-32768
-32768
-32768
32767
32767
32767
32767
-2358
32767
32767
32767
-3038
10179
32767
28635
-3136
-1516
23749
23052
-3081
-8979
12339
18877
-2962
-14895
2624
15060
-2810
-20465
-7160
10921
-2641
-26672
-18821
5580
-2468
-32768
-32768
-3009
-2308
-32768
-32768
-23139
-2240
-32768
-32768
-32768
16421
32767
32767
32767
-1209
30693
32767
32767
-1119
6895
32767
31636
-933
-3489
21779
24838
-721
-10046
10171
19791
-499
-15196
350
15217
-272
-20004
-9481
10304
-43
-25322
-21122
4030
185
-32501
-32768
-5939
407
-32768
-32768
-28903
601
-32768
-32768
-32768
-8729
32767
32767
32767
1228
24883
32767
32767
1413
3871
32767
32767
1621
-5144
19548
26295
1829
-10772
7878
20360
2030
-15147
-1933
15023
2217
-19194
-11693
9339
2381
-23633
-23177
2150
2501
-29582
-32768
-9152
2516
-32768
-32768
-32768
2138
-32768
-32768
-32768
-32768
32767
32767
32767
4996
19275
32767
32767
4528
1182
32767
32767
4481
-6440
17104
27393
4520
-11137
5511
20573
4573
-14746
-4172
14484
4605
-18049
-13746
8052
4582
-21640
-24941
-15
4438
-26417
-32768
-12570
3997
-32768
-32768
-32768
2431
-32768
-32768
-32768
-32768
32767
32767
32767
10117
14014
32767
32767
8179
-1101
31395
32767
7592
-7341
14503
28108
7297
-11129
3125
20426
7079
-13999
-6318
13616
6845
-16593
-15596
6475
6517
-19385
-26375
-2410
5964
-23071
-32768
-16109
4840
-29545
-32768
-32768
1556
-32768
-32768
-32768
-32768
32767
32767
32767
16589
9248
32767
32767
12311
-2913
28307
32767
10896
-7820
11801
28426
10105
-10743
771
19924
9496
-12920
-8322
12439
8892
-14856
-17200
4644
8151
-16914
-27450
-4981
7057
-19612
-32768
-19688
5048
-24326
-32768
-32768
-392
-32768
-32768
-32768
-32768
32767
32767
32767
24389
5119
32767
32767
16855
-4199
24985
32767
14330
-7857
9060
28339
12886
-9983
-1497
19080
11775
-11527
-10139
10980
10704
-12871
-18523
2603
9453
-14278
-28140
-7666
7702
-16111
-32768
-23224
4637
-19309
-32768
-32768
-3303
-28866
-32768
-32768
-32768
32767
32767
32767
32767
1763
32767
32767
21734
-4915
21502
32767
17826
-7443
6339
27850
15586
-8860
-3627
17911
13870
-9849
-11729
9274
12246
-10680
-19536
399
10401
-11532
-28433
-10405
7894
-12637
-32768
-26638
3637
-14584
-32768
-32768
-7054
-20407
-32768
-32768
-32768
32767
32767
32767
32767
-690
32767
32767
26862
-5025
17934
32767
21315
-6578
3703
26969
18147
-7392
-5571
16446
15739
-7917
-13053
7360
13488
-8327
-20215
-1917
10979
-8730
-28321
-13135
7639
-9259
-32768
-29854
2087
-10232
-32768
-32768
-11513
-13252
-32768
-32768
-32768
32767
32767
32767
32767
-2126
32767
32767
32144
-4508
14364
32767
24727
-5270
1210
25715
20519
-5606
-7282
14717
17343
-5771
-14082
5281
14407
-5860
-20544
-4294
11179
-5930
-27807
-15795
6950
-6041
-32768
-32768
37
-6328
-32768
-32768
-16539
-7440
-32768
-32768
-32768
32767
32767
32767
32767
-2440
32767
32767
32767
-3352
10874
32767
27993
-3539
-1079
24115
22651
-3535
-8722
12762
18649
-3452
-14791
3083
14985
-3330
-20515
-6677
11003
-3189
-26903
-18325
5852
-3046
-32768
-32768
-2453
-2933
-32768
-32768
-21988
-2983
-32768
-32768
-32768
21541
32767
32767
32767
-1546
31890
32767
32767
-1561
7547
32767
31045
-1413
-3110
22203
24499
-1220
-9855
10625
19632
-1009
-15163
816
15214
-787
-20127
-9014
10459
-560
-25626
-20671
4375
-330
-32768
-32768
-5316
-99
-32768
-32768
-27714
128
-32768
-32768
-32768
-3595
32767
32767
32767
624
26057
32767
32767
848
4463
32767
32767
1074
-4834
20022
26026
1296
-10652
8354
20273
1511
-15185
-1469
15091
1716
-19387
-11253
9563
1903
-24003
-22780
2558
2058
-30200
-32768
-8477
2136
-32768
-32768
-32768
1928
-32768
-32768
-32768
-28694
32767
32767
32767
4117
20396
32767
32767
3847
1700
32767
32767
3875
-6207
17618
27199
3962
-11092
5998
20559
4055
-14856
-3721
14622
4129
-18309
-13342
8340
4153
-22070
-24607
448
4075
-27079
-32768
-11860
3746
-32768
-32768
-32768
2469
-32768
-32768
-32768
-32768
32767
32767
32767
8961
15053
32767
32767
7393
-671
31990
32767
6939
-7191
15044
27994
6726
-11161
3611
20485
6573
-14179
-5890
13819
6402
-16914
-15237
6818
6146
-19864
-26111
-1905
5687
-23765
-32768
-15381
4719
-30626
-32768
-32768
1825
-32768
-32768
-32768
-32768
32767
32767
32767
15160
10174
32767
32767
11432
-2584
28959
32767
10209
-7758
12358
28393
9532
-10853
1246
20055
9012
-13166
-7927
12703
8492
-15231
-16895
5036
7844
-17434
-27261
-4445
6870
-20324
-32768
-18958
5056
-25378
-32768
-32768
87
-32768
-32768
-32768
-32768
32767
32767
32767
22692
5903
32767
32767
15898
-3982
25679
32767
13622
-7886
9619
28389
12324
-10168
-1044
19279
11323
-11836
-9786
11299
10355
-13294
-18278
3034
9216
-14827
-28031
-7112
7607
-16826
-32768
-22510
4770
-20312
-32768
-32768
-2636
-30748
-32768
-32768
-32768
32767
32767
32767
31514
2379
32767
32767
20716
-4817
22222
32767
17111
-7565
6890
27982
15044
-9118
-3206
18175
13460
-10213
-11425
9641
11954
-11142
-19356
860
10237
-12099
-28406
-9844
7891
-13341
-32768
-25955
3887
-15520
-32768
-32768
-6226
-22029
-32768
-32768
-32768
32767
32767
32767
32767
-269
32767
32767
25800
-5053
18665
32767
20607
-6791
4231
27180
17638
-7718
-5191
16768
15378
-8330
-12806
7766
13260
-8818
-20104
-1438
10891
-9304
-28377
-12581
7727
-9937
-32768
-29217
2445
-11086
-32768
-32768
-10552
-14604
-32768
-32768
-32768
32767
32767
32767
32767
-1921
32767
32767
31058
-4665
15089
32767
24040
-5572
1704
26000
20053
-5995
-6954
15090
17038
-6224
-13898
5716
14246
-6370
-20506
-3807
11169
-6499
-27945
-15260
7125
-6682
-32768
-32225
493
-7085
-32768
-32768
-15474
-8516
-32768
-32768
-32768
32767
32767
32767
32767
-2471
32767
32767
32767
-3640
11576
32767
27341
-3926
-631
24468
22237
-3979
-8452
13177
18408
-3937
-14674
3539
14895
-3849
-20550
-6193
11069
-3741
-27118
-17822
6108
-3637
-32768
-32768
-1912
-3582
-32768
-32768
-20849
-3783
-32768
-32768
-32768
26652
32767
32767
32767
-1830
32767
32767
32767
-1978
8209
32767
30443
-1877
-2719
22617
24147
-1710
-9650
11074
19459
-1515
-15115
1282
15196
-1305
-20235
-8544
10599
-1085
-25915
-20210
4705
-859
-32768
-32768
-4705
-630
-32768
-32768
-26530
-399
-32768
-32768
-32768
1540
32767
32767
32767
75
27238
32767
32767
307
5069
32767
32767
539
-4510
20487
25742
768
-10518
8826
20171
993
-15209
-1004
15144
1211
-19566
-10806
9774
1416
-24361
-22371
2954
1599
-30807
-32768
-7812
1730
-32768
-32768
-32370
1665
-32768
-32768
-32768
-23588
32767
32767
32767
3295
21530
32767
32767
3189
2234
32767
32767
3280
-5957
18124
26990
3408
-11032
6483
20530
3537
-14952
-3267
14745
3646
-18555
-12930
8615
3713
-22488
-24259
900
3695
-27734
-32768
-11155
3469
-32768
-32768
-32768
2457
-32768
-32768
-32768
-32768
32767
32767
32767
7863
16110
32767
32767
6627
-222
32572
32767
6295
-7023
15580
27863
6156
-11178
4098
20529
6064
-14345
-5457
14009
5952
-17223
-14868
7151
5762
-20334
-25832
-1408
5392
-24454
-32768
-14655
4573
-31711
-32768
-32768
2048
-32768
-32768
-32768
-32768
32767
32767
32767
13785
11125
32767
32767
10571
-2234
29600
32767
9528
-7677
12913
28344
8958
-10946
1724
20171
8523
-13399
-7524
12955
8082
-15597
-16577
5419
7523
-17946
-27056
-3914
6664
-21033
-32768
-18228
5039
-26437
-32768
-32768
526
-32768
-32768
-32768
-32768
32767
32767
32767
21048
6718
32767
32767
14955
-3741
26365
32767
12917
-7896
10180
28423
11758
-10338
-585
19465
10864
-12132
-9423
11607
9995
-13708
-18019
3459
8964
-15371
-27906
-6560
7493
-17541
-32768
-21791
4878
-21327
-32768
-32768
-2006
-32681
-32768
-32768
-32768
32767
32767
32767
29612
3031
32767
32767
19708
-4694
22938
32767
16396
-7667
7443
28098
14497
-9361
-2778
18426
13040
-10566
-11110
9998
11651
-11596
-19162
1315
10058
-12663
-28362
-9284
7870
-14047
-32768
-25264
4114
-16472
-32768
-32768
-5430
-23705
-32768
-32768
-32768
32767
32767
32767
32767
194
32767
32767
24745
-5055
19395
32767
19896
-6985
4765
27375
17122
-8031
-4803
17078
15006
-8734
-12547
8164
13019
-9304
-19979
-961
10788
-9877
-28416
-12025
7796
-10622
-32768
-28570
2783
-11958
-32768
-32768
-9616
-16012
-32768
-32768
-32768
32767
32767
32767
32767
-1670
32767
32767
29976
-4796
15816
32767
23348
-5857
2206
26270
19577
-6371
-6614
15453
16722
-6670
-13700
6146
14072
-6878
-20452
-3320
11143
-7069
-28065
-14721
7282
-7331
-32768
-31635
930
-7863
-32768
-32768
-14428
-9649
-32768
-32768
-32768
32767
32767
32767
32767
-2453
32767
32767
32767
-3901
12284
32767
26682
-4296
-173
24808
21812
-4412
-8170
13585
18154
-4416
-14542
3991
14791
-4367
-20570
-5707
11120
-4297
-27318
-17312
6348
-4238
-32768
-32768
-1388
-4254
-32768
-32768
-19723
-4639
-32768
-32768
-32768
31750
32767
32767
32767
-2061
32767
32767
32767
-2368
8880
32767
29829
-2326
-2316
23019
23782
-2192
-9432
11517
19272
-2018
-15053
1746
15163
-1823
-20328
-8070
10725
-1616
-26190
-19739
5021
-1402
-32768
-32768
-4107
-1185
-32768
-32768
-25353
-981
-32768
-32768
-32768
6675
32767
32767
32767
-419
28425
32767
32767
-208
5687
32767
32725
18
-4171
20942
25444
248
-10369
9294
20054
477
-15219
-537
15183
702
-19731
-10354
9970
921
-24705
-21951
3338
1126
-31402
-32768
-7156
1298
-32768
-32768
-31172
1349
-32768
-32768
-32768
-18471
32767
32767
32767
2529
22677
32767
32767
2554
2784
32767
32767
2697
-5692
18623
26765
2859
-10957
6966
20485
3017
-15033
-2809
14854
3158
-18788
-12510
8877
3263
-22894
-23898
1342
3299
-28380
-32768
-10458
3166
-32768
-32768
-32768
2396
-32768
-32768
-32768
-32768
32767
32767
32767
6820
17186
32767
32767
5883
245
32767
32767
5660
-6838
16112
27716
5589
-11179
4585
20559
5552
-14497
-5018
14186
5494
-17520
-14490
7473
5366
-20794
-25538
-919
5080
-25137
-32768
-13932
4399
-32768
-32768
-32768
2225
-32768
-32768
-32768
-32768
32767
32767
32767
12467
12100
32767
32767
9728
-1862
30230
32767
8854
-7578
13464
28279
8385
-11024
2205
20273
8029
-13619
-7114
13195
7664
-15951
-16249
5793
7188
-18450
-26836
-3389
6440
-21739
-32768
-17497
4995
-27503
-32768
-32768
922
-32768
-32768
-32768
-32768
32767
32767
32767
19459
7564
32767
32767
14028
-3477
27043
32767
12216
-7888
10740
28440
11189
-10493
-122
19636
10399
-12415
-9051
11905
9624
-14113
-17748
3875
8697
-15909
-27764
-6012
7360
-18256
-32768
-21069
4961
-22352
-32768
-32768
-1413
-32768
-32768
-32768
-32768
32767
32767
32767
27761
3718
32767
32767
18712
-4547
23649
32767
15682
-7750
7999
28197
13946
-9590
-2342
18664
12612
-10909
-10785
10346
11335
-12043
-18954
1765
9864
-13223
-28302
-8725
7830
-14757
-32768
-24567
4317
-17437
-32768
-32768
-4665
-25435
-32768
-32768
-32768
32767
32767
32767
32767
698
32767
32767
23698
-5031
20124
32767
19183
-7161
5304
27554
16598
-8330
-4405
17377
14624
-9128
-12275
8555
12764
-9784
-19840
-488
10669
-10449
-28438
-11468
7848
-11312
-32768
-27913
3099
-12848
-32768
-32768
-8706
-17475
-32768
-32768
-32768
32767
32767
32767
32767
-1374
32767
32767
28897
-4900
16546
32767
22651
-6123
2716
26526
19092
-6735
-6264
15805
16394
-7108
-13489
6571
13884
-7381
-20384
-2834
11101
-7641
-28169
-14178
7422
-7988
-32768
-31033
1348
-8662
-32768
-32768
-13402
-10838
-32768
-32768
-32768
32767
32767
32767
32767
-2386
32767
32767
32767
-4135
12997
32767
26014
-4648
296
25134
21376
-4835
-7875
13984
17886
-4890
-14396
4440
14672
-4884
-20575
-5220
11155
-4857
-27502
-16794
6572
-4850
-32768
-32768
-880
-4948
-32768
-32768
-18610
-5551
-32768
-32768
-32768
32767
32767
32767
32767
-2241
32767
32767
32767
-2732
9560
32767
29205
-2760
-1900
23409
23403
-2664
-9200
11953
19070
-2517
-14976
2209
15115
-2343
-20407
-7592
10835
-2153
-26450
-19260
5322
-1957
-32768
-32768
-3523
-1765
-32768
-32768
-24184
-1618
-32768
-32768
-32768
11807
32767
32767
32767
-859
29617
32767
32767
-699
6318
32767
32158
-489
-3818
21387
25131
-266
-10205
9758
19922
-38
-15213
-71
15208
191
-19881
-9897
10152
417
-25036
-21520
3708
637
-31986
-32768
-6510
840
-32768
-32768
-29976
979
-32768
-32768
-32768
-13347
32767
32767
32767
1819
23834
32767
32767
1943
3349
32767
32767
2125
-5411
19113
26524
2314
-10866
7447
20426
2497
-15099
-2349
14950
2665
-19008
-12083
9126
2803
-23288
-23524
1772
2886
-29017
-32768
-9767
2836
-32768
-32768
-32768
2283
-32768
-32768
-32768
-32768
32767
32767
32767
5835
18278
32767
32767
5160
730
32767
32767
5035
-6636
16637
27553
5025
-11164
5073
20573
5038
-14634
-4575
14349
5029
-17804
-14103
7783
4958
-21244
-25230
-439
4750
-25814
-32768
-13213
4199
-32768
-32768
-32768
2355
-32768
-32768
-32768
-32768
32767
32767
32767
11205
13098
32767
32767
8904
-1471
30848
32767
8186
-7462
14013
28196
7812
-11087
2688
20360
7531
-13825
-6698
13422
7237
-16294
-15910
6156
6841
-18946
-26601
-2871
6198
-22442
-32768
-16766
4925
-28575
-32768
-32768
1275
-32768
-32768
-32768
-32768
32767
32767
32767
17924
8438
32767
32767
13117
-3190
27713
32767
11519
-7860
11299
28440
10619
-10632
346
19794
9926
-12687
-8671
12191
9243
-14508
-17465
4283
8416
-16441
-27606
-5467
7209
-18970
-32768
-20343
5018
-23387
-32768
-32768
-858
-32768
-32768
-32768
-32768
32767
32767
32767
25963
4440
32767
32767
17729
-4375
24355
32767
14969
-7815
8556
28279
13390
-9804
-1900
18889
12175
-11239
-10450
10684
11008
-12483
-18734
2209
9654
-13781
-28224
-8167
7771
-15469
-32768
-23863
4497
-18417
-32768
-32768
-3933
-27217
-32768
-32768
-32768
32767
32767
32767
32767
1241
32767
32767
22660
-4981
20850
32767
18469
-7318
5847
27717
16068
-8615
-3999
17664
14232
-9512
-11993
8937
12497
-10258
-19686
-19
10535
-11020
-28443
-10909
7880
-12007
-32768
-27246
3392
-13754
-32768
-32768
-7824
-18993
-32768
-32768
-32768
32767
32767
32767
32767
-1034
32767
32767
27823
-4978
17276
32767
21949
-6371
3232
26766
18599
-7087
-5904
16148
16054
-7538
-13265
6989
13681
-7881
-20302
-2351
11044
-8214
-28257
-13630
7544
-8654
-32768
-30418
1746
-9480
-32768
-32768
-12398
-12083
-32768
-32768
-32768
32767
32767
32767
32767
-2270
32767
32767
32767
-4343
13715
32767
25340
-4984
773
25446
20929
-5246
-7568
14374
17606
-5356
-14237
4884
14539
-5399
-20565
-4733
11175
-5421
-27670
-16271
6779
-5473
-32768
-32768
-389
-5664
-32768
-32768
-17513
-6520
-32768
-32768
-32768
32767
32767
32767
32767
-2368
32767
32767
32767
-3070
10249
32767
28571
-3177
-1473
23786
23013
-3127
-8954
12382
18855
-3011
-14885
2670
15053
-2862
-20470
-7112
10930
-2696
-26695
-18772
5608
-2525
-32768
-32768
-2953
-2369
-32768
-32768
-23024
-2312
-32768
-32768
-32768
16934
32767
32767
32767
-1245
30812
32767
32767
-1164
6960
32767
31578
-982
-3452
21822
24805
-771
-10027
10217
19776
-550
-15193
396
15217
-323
-20017
-9434
10320
-94
-25353
-21078
4065
134
-32557
-32768
-5876
357
-32768
-32768
-28784
556
-32768
-32768
-32768
-8216
32767
32767
32767
1165
25000
32767
32767
1356
3929
32767
32767
1566
-5114
19595
26269
1776
-10760
7926
20352
1978
-15151
-1887
15030
2167
-19214
-11649
9362
2334
-23670
-23138
2191
2457
-29644
-32768
-9084
2479
-32768
-32768
-32768
2119
-32768
-32768
-32768
-32768
32767
32767
32767
4905
19386
32767
32767
4459
1233
32767
32767
4420
-6418
17156
27374
4464
-11133
5560
20572
4521
-14758
-4127
14499
4558
-18076
-13706
8082
4539
-21684
-24908
32
4402
-26483